날짜,시간,오류 값,온도,습도
2022-12-02,00:00:07,H,2.80,62.70
2022-12-02,00:00:17,H,2.80,62.70
2022-12-02,00:00:27,H,2.80,62.70
2022-12-02,00:00:37,H,2.80,62.70
2022-12-02,00:00:47,H,2.80,62.80
2022-12-02,00:00:57,H,2.80,62.80
2022-12-02,00:01:07,H,2.80,62.80
2022-12-02,00:01:17,H,2.80,62.90
2022-12-02,00:01:27,H,2.80,62.90
2022-12-02,00:01:37,H,2.80,62.90
2022-12-02,00:01:47,H,2.80,62.80
2022-12-02,00:01:57,H,2.80,62.80
2022-12-02,00:02:07,H,2.80,62.70
2022-12-02,00:02:17,H,2.80,62.70
2022-12-02,00:02:27,H,2.80,62.70
2022-12-02,00:02:37,H,2.80,62.80
2022-12-02,00:02:47,H,2.80,62.80
2022-12-02,00:02:57,H,2.80,62.70
2022-12-02,00:03:07,H,2.80,62.70
2022-12-02,00:03:17,H,2.80,62.70
2022-12-02,00:03:27,H,2.80,62.80
2022-12-02,00:03:37,H,2.80,62.80
2022-12-02,00:03:47,H,2.70,62.70
2022-12-02,00:03:57,H,2.80,62.80
2022-12-02,00:04:07,H,2.80,62.90
2022-12-02,00:04:17,H,2.70,63.00
2022-12-02,00:04:27,H,2.80,63.00
2022-12-02,00:04:37,H,2.70,63.10
2022-12-02,00:04:47,H,2.80,63.10
2022-12-02,00:04:57,H,2.80,63.20
2022-12-02,00:05:07,H,2.80,63.20
2022-12-02,00:05:17,H,2.80,63.30
2022-12-02,00:05:27,H,2.80,63.30
2022-12-02,00:05:37,H,2.80,63.30
2022-12-02,00:05:47,H,2.80,63.30
2022-12-02,00:05:57,H,2.80,63.30
2022-12-02,00:06:07,H,2.80,63.20
2022-12-02,00:06:17,H,2.80,63.10
2022-12-02,00:06:27,H,2.80,62.90
2022-12-02,00:06:37,H,2.80,62.90
2022-12-02,00:06:47,H,2.80,62.90
2022-12-02,00:06:57,H,2.80,62.90
2022-12-02,00:07:07,H,2.80,62.90
2022-12-02,00:07:17,H,2.80,63.00
2022-12-02,00:07:27,H,2.70,63.20
2022-12-02,00:07:37,H,2.80,63.10
2022-12-02,00:07:47,H,2.80,63.10
2022-12-02,00:07:57,H,2.80,63.10
2022-12-02,00:08:07,H,2.80,63.20
2022-12-02,00:08:17,H,2.70,63.20
2022-12-02,00:08:27,H,2.70,63.00
2022-12-02,00:08:37,H,2.80,63.00
2022-12-02,00:08:47,H,2.80,63.00
2022-12-02,00:08:57,H,2.80,63.00
2022-12-02,00:09:07,H,2.70,62.90
2022-12-02,00:09:17,H,2.70,62.90
2022-12-02,00:09:27,H,2.70,62.90
2022-12-02,00:09:37,H,2.70,63.00
2022-12-02,00:09:47,H,2.80,63.10
2022-12-02,00:09:57,H,2.70,63.30
2022-12-02,00:10:07,H,2.70,63.20
2022-12-02,00:10:17,H,2.70,62.90
2022-12-02,00:10:27,H,2.70,62.70
2022-12-02,00:10:37,H,2.70,62.80
2022-12-02,00:10:47,H,2.70,63.10
2022-12-02,00:10:57,H,2.70,63.30
2022-12-02,00:11:07,H,2.70,63.50
2022-12-02,00:11:17,H,2.70,63.60
2022-12-02,00:11:27,H,2.70,63.70
2022-12-02,00:11:37,H,2.70,63.80
2022-12-02,00:11:47,H,2.70,63.70
2022-12-02,00:11:57,H,2.80,63.70
2022-12-02,00:12:07,H,2.80,63.60
2022-12-02,00:12:17,H,2.80,63.40
2022-12-02,00:12:27,H,2.70,63.30
2022-12-02,00:12:37,H,2.80,63.20
2022-12-02,00:12:47,H,2.80,63.20
2022-12-02,00:12:57,H,2.70,63.00
2022-12-02,00:13:07,H,2.70,63.00
2022-12-02,00:13:17,H,2.70,63.00
2022-12-02,00:13:27,H,2.70,63.20
2022-12-02,00:13:37,H,2.70,63.20
2022-12-02,00:13:47,H,2.70,63.30
2022-12-02,00:13:57,H,2.70,63.40
2022-12-02,00:14:07,H,2.70,63.40
2022-12-02,00:14:17,H,2.70,63.40
2022-12-02,00:14:27,H,2.70,63.40
2022-12-02,00:14:37,H,2.70,63.40
2022-12-02,00:14:47,H,2.70,63.30
2022-12-02,00:14:57,H,2.70,63.40
2022-12-02,00:15:07,H,2.70,63.40
2022-12-02,00:15:17,H,2.70,63.40
2022-12-02,00:15:27,H,2.70,63.40
2022-12-02,00:15:37,H,2.70,63.40
2022-12-02,00:15:47,H,2.70,63.50
2022-12-02,00:15:57,H,2.70,63.50
2022-12-02,00:16:07,H,2.70,63.50
2022-12-02,00:16:17,H,2.70,63.50
2022-12-02,00:16:27,H,2.70,63.50
2022-12-02,00:16:37,H,2.70,63.60
2022-12-02,00:16:47,H,2.70,63.60
2022-12-02,00:16:57,H,2.80,63.70
2022-12-02,00:17:07,H,2.80,63.70
2022-12-02,00:17:17,H,2.80,63.70
2022-12-02,00:17:27,H,2.80,63.80
2022-12-02,00:17:37,H,2.80,63.90
2022-12-02,00:17:47,H,2.80,64.00
2022-12-02,00:17:57,H,2.80,64.00
2022-12-02,00:18:07,H,2.80,63.90
2022-12-02,00:18:17,H,2.80,63.90
2022-12-02,00:18:27,H,2.80,63.90
2022-12-02,00:18:37,H,2.80,63.90
2022-12-02,00:18:47,H,2.80,63.90
2022-12-02,00:18:57,H,2.80,64.00
2022-12-02,00:19:07,H,2.80,64.10
2022-12-02,00:19:17,H,2.80,64.20
2022-12-02,00:19:27,H,2.80,64.30
2022-12-02,00:19:37,H,2.80,64.20
2022-12-02,00:19:47,H,2.80,64.20
2022-12-02,00:19:57,H,2.80,64.10
2022-12-02,00:20:07,H,2.80,64.10
2022-12-02,00:20:17,H,2.80,64.10
2022-12-02,00:20:27,H,2.80,64.00
2022-12-02,00:20:37,H,2.80,64.00
2022-12-02,00:20:47,H,2.80,63.90
2022-12-02,00:20:57,H,2.90,64.00
2022-12-02,00:21:07,H,2.80,64.10
2022-12-02,00:21:17,H,2.90,64.20
2022-12-02,00:21:27,H,2.90,64.30
2022-12-02,00:21:37,H,2.90,64.30
2022-12-02,00:21:47,H,2.90,64.20
2022-12-02,00:21:57,H,2.90,64.10
2022-12-02,00:22:07,H,2.90,64.10
2022-12-02,00:22:17,H,2.90,64.10
2022-12-02,00:22:27,H,2.90,64.20
2022-12-02,00:22:37,H,2.90,64.20
2022-12-02,00:22:47,H,2.90,64.10
2022-12-02,00:22:57,H,2.90,64.20
2022-12-02,00:23:07,H,2.90,64.40
2022-12-02,00:23:17,H,2.90,64.40
2022-12-02,00:23:27,H,2.90,64.50
2022-12-02,00:23:37,H,2.90,64.50
2022-12-02,00:23:47,H,2.90,64.50
2022-12-02,00:23:57,H,2.90,64.50
2022-12-02,00:24:07,H,2.90,64.40
2022-12-02,00:24:17,H,2.90,64.40
2022-12-02,00:24:27,H,2.90,64.40
2022-12-02,00:24:37,H,2.90,64.40
2022-12-02,00:24:47,H,2.90,64.40
2022-12-02,00:24:57,H,2.90,64.40
2022-12-02,00:25:07,H,2.90,64.40
2022-12-02,00:25:17,H,2.90,64.40
2022-12-02,00:25:27,H,2.90,64.40
2022-12-02,00:25:37,H,2.90,64.40
2022-12-02,00:25:47,H,2.90,64.40
2022-12-02,00:25:57,H,2.90,64.40
2022-12-02,00:26:07,H,2.90,64.40
2022-12-02,00:26:17,H,2.90,64.30
2022-12-02,00:26:27,H,2.90,64.30
2022-12-02,00:26:37,H,2.90,64.30
2022-12-02,00:26:47,H,2.90,64.20
2022-12-02,00:26:57,H,2.90,64.20
2022-12-02,00:27:07,H,2.90,64.20
2022-12-02,00:27:17,H,2.90,64.20
2022-12-02,00:27:27,H,2.90,64.30
2022-12-02,00:27:37,H,2.90,64.50
2022-12-02,00:27:47,H,2.90,64.50
2022-12-02,00:27:57,H,2.90,64.50
2022-12-02,00:28:07,H,2.90,64.60
2022-12-02,00:28:17,H,2.90,64.60
2022-12-02,00:28:27,H,3.00,64.70
2022-12-02,00:28:37,H,3.00,64.80
2022-12-02,00:28:57,H,3.00,64.80
2022-12-02,00:29:07,H,3.00,64.80
2022-12-02,00:29:17,H,3.00,64.80
2022-12-02,00:29:27,H,3.00,64.70
2022-12-02,00:29:37,H,3.00,64.70
2022-12-02,00:29:47,H,3.00,64.60
2022-12-02,00:29:57,H,3.00,64.60
2022-12-02,00:30:07,H,3.00,64.60
2022-12-02,00:30:17,H,3.00,64.60
2022-12-02,00:30:27,H,3.00,64.60
2022-12-02,00:30:37,H,3.00,64.60
2022-12-02,00:30:47,H,3.00,64.60
2022-12-02,00:30:57,H,3.00,64.60
2022-12-02,00:31:07,H,3.00,64.50
2022-12-02,00:31:17,H,3.00,64.40
2022-12-02,00:31:27,H,3.00,64.40
2022-12-02,00:31:37,H,3.00,64.30
2022-12-02,00:31:47,H,3.00,64.30
2022-12-02,00:31:57,H,3.00,64.30
2022-12-02,00:32:07,H,3.00,64.30
2022-12-02,00:32:17,H,3.00,64.30
2022-12-02,00:32:27,H,3.00,64.30
2022-12-02,00:32:37,H,3.00,64.30
2022-12-02,00:32:47,H,3.00,64.40
2022-12-02,00:32:57,H,3.00,64.40
2022-12-02,00:33:07,H,3.00,64.40
2022-12-02,00:33:17,H,3.00,64.40
2022-12-02,00:33:27,H,3.00,64.40
2022-12-02,00:33:37,H,3.00,64.40
2022-12-02,00:33:47,H,3.00,64.40
2022-12-02,00:33:57,H,3.00,64.50
2022-12-02,00:34:07,H,3.00,64.50
2022-12-02,00:34:17,H,3.00,64.50
2022-12-02,00:34:27,H,3.00,64.50
2022-12-02,00:34:37,H,3.00,64.50
2022-12-02,00:34:47,H,3.00,64.50
2022-12-02,00:34:57,H,3.00,64.50
2022-12-02,00:35:07,H,3.00,64.20
2022-12-02,00:35:17,H,3.00,64.10
2022-12-02,00:35:27,H,3.00,64.10
2022-12-02,00:35:37,H,3.00,64.20
2022-12-02,00:35:47,H,3.00,64.40
2022-12-02,00:35:57,H,3.00,64.60
2022-12-02,00:36:07,H,3.00,64.80
2022-12-02,00:36:17,H,3.00,64.90
2022-12-02,00:36:27,H,3.00,64.90
2022-12-02,00:36:37,H,3.00,64.90
2022-12-02,00:36:47,H,3.00,64.80
2022-12-02,00:36:57,H,3.00,64.90
2022-12-02,00:37:07,H,3.00,64.90
2022-12-02,00:37:17,H,3.00,64.80
2022-12-02,00:37:27,H,3.00,64.80
2022-12-02,00:37:37,H,3.00,64.80
2022-12-02,00:37:47,H,3.00,64.80
2022-12-02,00:37:57,H,3.00,64.80
2022-12-02,00:38:07,H,3.00,64.80
2022-12-02,00:38:17,H,3.00,64.80
2022-12-02,00:38:27,H,3.00,64.80
2022-12-02,00:38:37,H,3.00,64.90
2022-12-02,00:38:47,H,3.10,64.90
2022-12-02,00:38:57,H,3.10,64.90
2022-12-02,00:39:07,H,3.10,64.90
2022-12-02,00:39:17,H,3.10,64.90
2022-12-02,00:39:27,H,3.00,64.90
2022-12-02,00:39:37,H,3.00,64.90
2022-12-02,00:39:47,H,3.10,64.90
2022-12-02,00:39:57,H,3.10,64.90
2022-12-02,00:40:07,H,3.10,64.90
2022-12-02,00:40:17,H,3.10,64.80
2022-12-02,00:40:27,H,3.10,64.80
2022-12-02,00:40:37,H,3.10,64.80
2022-12-02,00:40:47,H,3.10,64.80
2022-12-02,00:40:57,H,3.10,64.80
2022-12-02,00:41:07,H,3.10,64.80
2022-12-02,00:41:17,H,3.10,64.80
2022-12-02,00:41:27,H,3.10,64.80
2022-12-02,00:41:37,H,3.10,64.90
2022-12-02,00:41:47,H,3.10,64.80
2022-12-02,00:41:57,H,3.10,64.80
2022-12-02,00:42:07,H,3.10,64.80
2022-12-02,00:42:17,H,3.10,64.80
2022-12-02,00:42:27,H,3.10,64.90
2022-12-02,00:42:37,H,3.10,64.90
2022-12-02,00:42:47,H,3.10,65.00
2022-12-02,00:42:57,H,3.10,65.00
2022-12-02,00:43:07,H,3.10,65.00
2022-12-02,00:43:17,H,3.10,65.10
2022-12-02,00:43:27,H,3.10,65.10
2022-12-02,00:43:37,H,3.10,64.90
2022-12-02,00:43:47,H,3.10,64.30
2022-12-02,00:43:57,H,3.10,63.80
2022-12-02,00:44:07,H,3.10,63.50
2022-12-02,00:44:17,H,3.10,63.40
2022-12-02,00:44:27,H,3.10,63.60
2022-12-02,00:44:37,H,3.10,63.80
2022-12-02,00:44:47,H,3.10,64.20
2022-12-02,00:44:57,H,3.10,64.40
2022-12-02,00:45:07,H,3.10,64.60
2022-12-02,00:45:17,H,3.10,64.70
2022-12-02,00:45:27,H,3.00,64.90
2022-12-02,00:45:37,H,3.10,65.10
2022-12-02,00:45:47,H,3.10,65.10
2022-12-02,00:45:57,H,3.10,65.10
2022-12-02,00:46:07,H,3.10,65.10
2022-12-02,00:46:17,H,3.10,65.10
2022-12-02,00:46:27,H,3.10,65.10
2022-12-02,00:46:37,H,3.10,65.10
2022-12-02,00:46:47,H,3.10,65.10
2022-12-02,00:46:57,H,3.10,65.20
2022-12-02,00:47:07,H,3.10,65.20
2022-12-02,00:47:17,H,3.10,65.20
2022-12-02,00:47:27,H,3.10,65.20
2022-12-02,00:47:37,H,3.10,65.20
2022-12-02,00:47:47,H,3.10,65.30
2022-12-02,00:47:57,H,3.10,65.30
2022-12-02,00:48:07,H,3.10,65.30
2022-12-02,00:48:17,H,3.10,65.10
2022-12-02,00:48:27,H,3.10,64.80
2022-12-02,00:48:37,H,3.10,64.60
2022-12-02,00:48:47,H,3.10,64.40
2022-12-02,00:48:57,H,3.10,64.40
2022-12-02,00:49:07,H,3.10,64.50
2022-12-02,00:49:17,H,3.10,64.80
2022-12-02,00:49:27,H,3.10,65.00
2022-12-02,00:49:37,H,3.10,65.00
2022-12-02,00:49:47,H,3.10,65.10
2022-12-02,00:49:57,H,3.10,65.20
2022-12-02,00:50:07,H,3.10,65.30
2022-12-02,00:50:17,H,3.10,65.30
2022-12-02,00:50:27,H,3.10,65.40
2022-12-02,00:50:37,H,3.10,65.40
2022-12-02,00:50:47,H,3.10,65.30
2022-12-02,00:50:57,H,3.10,65.30
2022-12-02,00:51:07,H,3.10,65.30
2022-12-02,00:51:17,H,3.10,65.20
2022-12-02,00:51:27,H,3.10,64.70
2022-12-02,00:51:37,H,3.10,64.60
2022-12-02,00:51:47,H,3.10,64.70
2022-12-02,00:51:57,H,3.10,64.60
2022-12-02,00:52:07,H,3.10,64.00
2022-12-02,00:52:17,H,3.10,63.60
2022-12-02,00:52:27,H,3.10,63.60
2022-12-02,00:52:37,H,3.10,63.30
2022-12-02,00:52:47,H,3.10,63.20
2022-12-02,00:52:57,H,3.10,63.60
2022-12-02,00:53:07,H,3.10,64.10
2022-12-02,00:53:17,H,3.00,64.60
2022-12-02,00:53:27,H,3.10,64.90
2022-12-02,00:53:37,H,3.10,65.10
2022-12-02,00:53:47,H,3.10,65.30
2022-12-02,00:53:57,H,3.10,65.40
2022-12-02,00:54:07,H,3.10,65.50
2022-12-02,00:54:17,H,3.10,65.50
2022-12-02,00:54:27,H,3.10,65.50
2022-12-02,00:54:37,H,3.10,65.40
2022-12-02,00:54:47,H,3.10,65.40
2022-12-02,00:54:57,H,3.10,65.40
2022-12-02,00:55:07,H,3.10,65.50
2022-12-02,00:55:17,H,3.10,65.50
2022-12-02,00:55:27,H,3.10,65.60
2022-12-02,00:55:37,H,3.10,65.60
2022-12-02,00:55:47,H,3.10,65.60
2022-12-02,00:55:57,H,3.10,65.60
2022-12-02,00:56:07,H,3.10,65.70
2022-12-02,00:56:17,H,3.10,65.70
2022-12-02,00:56:27,H,3.10,65.70
2022-12-02,00:56:37,H,3.10,65.70
2022-12-02,00:56:47,H,3.10,65.70
2022-12-02,00:56:57,H,3.10,65.70
2022-12-02,00:57:07,H,3.10,65.70
2022-12-02,00:57:17,H,3.10,65.70
2022-12-02,00:57:27,H,3.10,65.70
2022-12-02,00:57:37,H,3.10,65.70
2022-12-02,00:57:47,H,3.10,65.70
2022-12-02,00:57:57,H,3.10,65.70
2022-12-02,00:58:07,H,3.10,65.70
2022-12-02,00:58:17,H,3.10,65.80
2022-12-02,00:58:27,H,3.10,65.80
2022-12-02,00:58:37,H,3.10,65.80
2022-12-02,00:58:47,H,3.10,65.80
2022-12-02,00:58:57,H,3.10,65.60
2022-12-02,00:59:07,H,3.10,65.40
2022-12-02,00:59:17,H,3.20,65.50
2022-12-02,00:59:27,H,3.20,65.60
2022-12-02,00:59:37,H,3.20,65.70
2022-12-02,00:59:47,H,3.20,65.70
2022-12-02,00:59:57,H,3.20,65.80
2022-12-02,01:00:07,H,3.20,65.80
2022-12-02,01:00:17,H,3.20,65.80
2022-12-02,01:00:27,H,3.20,65.80
2022-12-02,01:00:37,H,3.20,65.80
2022-12-02,01:00:47,H,3.20,65.70
2022-12-02,01:00:57,H,3.20,65.80
2022-12-02,01:01:07,H,3.20,65.80
2022-12-02,01:01:17,H,3.20,65.80
2022-12-02,01:01:27,H,3.20,65.70
2022-12-02,01:01:37,H,3.20,65.60
2022-12-02,01:01:47,H,3.20,65.30
2022-12-02,01:01:57,H,3.20,65.20
2022-12-02,01:02:07,H,3.20,65.30
2022-12-02,01:02:17,H,3.20,65.40
2022-12-02,01:02:27,H,3.20,65.50
2022-12-02,01:02:37,H,3.20,65.60
2022-12-02,01:02:47,H,3.20,65.00
2022-12-02,01:02:57,H,3.20,64.30
2022-12-02,01:03:07,H,3.20,63.90
2022-12-02,01:03:17,H,3.20,63.40
2022-12-02,01:03:27,H,3.10,63.20
2022-12-02,01:03:37,H,3.10,63.70
2022-12-02,01:03:47,H,3.10,64.50
2022-12-02,01:03:57,H,3.10,64.90
2022-12-02,01:04:07,H,3.10,65.20
2022-12-02,01:04:17,H,3.10,65.50
2022-12-02,01:04:27,H,3.10,65.60
2022-12-02,01:04:37,H,3.10,65.70
2022-12-02,01:04:47,H,3.10,65.80
2022-12-02,01:04:57,H,3.10,65.90
2022-12-02,01:05:07,H,3.10,65.90
2022-12-02,01:05:17,H,3.10,65.90
2022-12-02,01:05:27,H,3.20,66.00
2022-12-02,01:05:37,H,3.20,66.00
2022-12-02,01:05:47,H,3.20,66.00
2022-12-02,01:05:57,H,3.20,66.00
2022-12-02,01:06:07,H,3.20,66.00
2022-12-02,01:06:17,H,3.20,66.00
2022-12-02,01:06:27,H,3.20,66.00
2022-12-02,01:06:37,H,3.10,66.00
2022-12-02,01:06:47,H,3.20,66.00
2022-12-02,01:06:57,H,3.20,65.90
2022-12-02,01:07:07,H,3.10,65.80
2022-12-02,01:07:17,H,3.20,65.80
2022-12-02,01:07:27,H,3.20,65.90
2022-12-02,01:07:37,H,3.20,65.90
2022-12-02,01:07:47,H,3.20,66.00
2022-12-02,01:07:57,H,3.20,66.00
2022-12-02,01:08:07,H,3.20,66.00
2022-12-02,01:08:17,H,3.20,65.90
2022-12-02,01:08:27,H,3.20,65.80
2022-12-02,01:08:37,H,3.20,65.80
2022-12-02,01:08:47,H,3.20,65.80
2022-12-02,01:08:57,H,3.20,65.80
2022-12-02,01:09:07,H,3.20,65.80
2022-12-02,01:09:17,H,3.20,65.80
2022-12-02,01:09:27,H,3.20,65.80
2022-12-02,01:09:37,H,3.20,65.80
2022-12-02,01:09:47,H,3.20,65.90
2022-12-02,01:09:57,H,3.20,66.00
2022-12-02,01:10:07,H,3.20,66.00
2022-12-02,01:10:17,H,3.20,66.00
2022-12-02,01:10:27,H,3.20,65.70
2022-12-02,01:10:37,H,3.20,65.20
2022-12-02,01:10:47,H,3.20,65.30
2022-12-02,01:10:57,H,3.20,65.50
2022-12-02,01:11:07,H,3.20,65.60
2022-12-02,01:11:17,H,3.20,65.70
2022-12-02,01:11:27,H,3.20,65.70
2022-12-02,01:11:37,H,3.20,65.60
2022-12-02,01:11:47,H,3.20,65.70
2022-12-02,01:11:57,H,3.20,65.90
2022-12-02,01:12:07,H,3.20,66.00
2022-12-02,01:12:17,H,3.20,66.00
2022-12-02,01:12:27,H,3.20,66.00
2022-12-02,01:12:37,H,3.20,66.00
2022-12-02,01:12:47,H,3.20,66.00
2022-12-02,01:12:57,H,3.20,66.10
2022-12-02,01:13:07,H,3.20,66.00
2022-12-02,01:13:17,H,3.20,66.10
2022-12-02,01:13:27,H,3.20,66.00
2022-12-02,01:13:37,H,3.20,66.00
2022-12-02,01:13:47,H,3.20,66.00
2022-12-02,01:13:57,H,3.20,66.00
2022-12-02,01:14:07,H,3.20,66.00
2022-12-02,01:14:17,H,3.20,66.10
2022-12-02,01:14:27,H,3.20,66.10
2022-12-02,01:14:37,H,3.20,66.10
2022-12-02,01:14:47,H,3.20,66.10
2022-12-02,01:14:57,H,3.20,66.20
2022-12-02,01:15:07,H,3.20,66.20
2022-12-02,01:15:17,H,3.20,66.30
2022-12-02,01:15:27,H,3.20,66.30
2022-12-02,01:15:37,H,3.20,66.20
2022-12-02,01:15:47,H,3.20,66.10
2022-12-02,01:15:57,H,3.20,66.00
2022-12-02,01:16:07,H,3.30,66.00
2022-12-02,01:16:17,H,3.30,66.10
2022-12-02,01:16:27,H,3.20,66.10
2022-12-02,01:16:37,H,3.30,65.80
2022-12-02,01:16:47,H,3.20,65.10
2022-12-02,01:16:57,H,3.30,64.60
2022-12-02,01:17:07,H,3.20,64.70
2022-12-02,01:17:17,H,3.20,65.10
2022-12-02,01:17:27,H,3.20,65.40
2022-12-02,01:17:37,H,3.20,65.70
2022-12-02,01:17:47,H,3.20,65.80
2022-12-02,01:17:57,H,3.20,66.00
2022-12-02,01:18:07,H,3.20,66.10
2022-12-02,01:18:17,H,3.20,66.10
2022-12-02,01:18:27,H,3.20,66.00
2022-12-02,01:18:37,H,3.20,65.90
2022-12-02,01:18:47,H,3.20,65.80
2022-12-02,01:18:57,H,3.20,65.90
2022-12-02,01:19:07,H,3.20,65.90
2022-12-02,01:19:17,H,3.20,65.90
2022-12-02,01:19:27,H,3.20,65.90
2022-12-02,01:19:37,H,3.20,65.90
2022-12-02,01:19:47,H,3.20,66.00
2022-12-02,01:19:57,H,3.20,66.00
2022-12-02,01:20:07,H,3.20,66.00
2022-12-02,01:20:17,H,3.30,66.00
2022-12-02,01:20:27,H,3.20,65.90
2022-12-02,01:20:37,H,3.30,65.80
2022-12-02,01:20:47,H,3.20,65.80
2022-12-02,01:20:57,H,3.20,65.70
2022-12-02,01:21:07,H,3.30,65.70
2022-12-02,01:21:17,H,3.20,65.60
2022-12-02,01:21:27,H,3.20,65.60
2022-12-02,01:21:37,H,3.20,65.60
2022-12-02,01:21:47,H,3.20,65.60
2022-12-02,01:21:57,H,3.20,65.60
2022-12-02,01:22:07,H,3.20,65.60
2022-12-02,01:22:17,H,3.20,65.60
2022-12-02,01:22:27,H,3.20,65.50
2022-12-02,01:22:37,H,3.20,65.40
2022-12-02,01:22:47,H,3.20,65.40
2022-12-02,01:22:57,H,3.20,65.30
2022-12-02,01:23:07,H,3.20,65.30
2022-12-02,01:23:17,H,3.20,65.30
2022-12-02,01:23:27,H,3.20,65.30
2022-12-02,01:23:37,H,3.20,65.30
2022-12-02,01:23:47,H,3.20,65.30
2022-12-02,01:23:57,H,3.20,65.40
2022-12-02,01:24:07,H,3.20,65.40
2022-12-02,01:24:17,H,3.20,65.50
2022-12-02,01:24:27,H,3.20,65.60
2022-12-02,01:24:37,H,3.10,65.70
2022-12-02,01:24:47,H,3.20,65.70
2022-12-02,01:24:57,H,3.20,65.60
2022-12-02,01:25:07,H,3.10,65.50
2022-12-02,01:25:17,H,3.10,65.50
2022-12-02,01:25:27,H,3.10,65.30
2022-12-02,01:25:37,H,3.10,65.10
2022-12-02,01:25:47,H,3.10,65.00
2022-12-02,01:25:57,H,3.10,65.00
2022-12-02,01:26:07,H,3.10,65.00
2022-12-02,01:26:17,H,3.10,64.90
2022-12-02,01:26:27,H,3.10,64.90
2022-12-02,01:26:37,H,3.10,64.90
2022-12-02,01:26:47,H,3.10,65.00
2022-12-02,01:26:57,H,3.10,65.10
2022-12-02,01:27:07,H,3.10,65.20
2022-12-02,01:27:17,H,3.10,65.20
2022-12-02,01:27:27,H,3.10,65.20
2022-12-02,01:27:37,H,3.10,65.10
2022-12-02,01:27:47,H,3.10,65.20
2022-12-02,01:27:57,H,3.10,65.30
2022-12-02,01:28:07,H,3.10,65.40
2022-12-02,01:28:17,H,3.10,65.40
2022-12-02,01:28:27,H,3.10,65.40
2022-12-02,01:28:37,H,3.10,65.40
2022-12-02,01:28:47,H,3.10,65.40
2022-12-02,01:28:57,H,3.10,65.40
2022-12-02,01:29:07,H,3.10,65.30
2022-12-02,01:29:17,H,3.10,65.30
2022-12-02,01:29:27,H,3.10,65.30
2022-12-02,01:29:37,H,3.10,65.30
2022-12-02,01:29:47,H,3.10,65.30
2022-12-02,01:29:57,H,3.10,65.40
2022-12-02,01:30:07,H,3.10,65.40
2022-12-02,01:30:17,H,3.10,65.40
2022-12-02,01:30:27,H,3.10,65.40
2022-12-02,01:30:37,H,3.10,65.10
2022-12-02,01:30:47,H,3.10,65.00
2022-12-02,01:30:57,H,3.10,65.10
2022-12-02,01:31:07,H,3.10,64.90
2022-12-02,01:31:17,H,3.10,64.80
2022-12-02,01:31:27,H,3.10,65.00
2022-12-02,01:31:37,H,3.10,65.10
2022-12-02,01:31:47,H,3.10,65.10
2022-12-02,01:31:57,H,3.10,65.10
2022-12-02,01:32:07,H,3.10,65.00
2022-12-02,01:32:17,H,3.10,65.10
2022-12-02,01:32:27,H,3.10,65.10
2022-12-02,01:32:37,H,3.10,65.00
2022-12-02,01:32:47,H,3.10,65.00
2022-12-02,01:32:57,H,3.10,64.90
2022-12-02,01:33:07,H,3.10,64.70
2022-12-02,01:33:17,H,3.10,64.60
2022-12-02,01:33:27,H,3.10,64.50
2022-12-02,01:33:37,H,3.10,64.50
2022-12-02,01:33:47,H,3.10,64.50
2022-12-02,01:33:57,H,3.10,64.50
2022-12-02,01:34:07,H,3.00,64.60
2022-12-02,01:34:17,H,3.00,64.60
2022-12-02,01:34:27,H,3.00,64.60
2022-12-02,01:34:37,H,3.00,64.70
2022-12-02,01:34:47,H,3.00,64.80
2022-12-02,01:34:57,H,3.00,64.40
2022-12-02,01:35:07,H,3.00,64.10
2022-12-02,01:35:17,H,3.00,64.20
2022-12-02,01:35:27,H,3.00,64.20
2022-12-02,01:35:37,H,3.00,63.90
2022-12-02,01:35:47,H,3.00,63.30
2022-12-02,01:35:57,H,3.00,63.20
2022-12-02,01:36:07,H,3.00,63.60
2022-12-02,01:36:17,H,3.00,64.10
2022-12-02,01:36:27,H,3.00,64.50
2022-12-02,01:36:37,H,3.00,64.70
2022-12-02,01:36:47,H,3.00,64.50
2022-12-02,01:36:57,H,3.00,64.40
2022-12-02,01:37:07,H,3.00,64.50
2022-12-02,01:37:17,H,3.00,64.80
2022-12-02,01:37:27,H,3.00,64.90
2022-12-02,01:37:37,H,3.00,65.10
2022-12-02,01:37:47,H,3.00,65.20
2022-12-02,01:37:57,H,3.00,65.30
2022-12-02,01:38:07,H,3.00,65.40
2022-12-02,01:38:17,H,3.00,65.40
2022-12-02,01:38:27,H,3.00,65.40
2022-12-02,01:38:37,H,3.00,65.40
2022-12-02,01:38:47,H,3.00,65.40
2022-12-02,01:38:57,H,3.00,65.50
2022-12-02,01:39:07,H,3.00,65.40
2022-12-02,01:39:17,H,3.00,64.80
2022-12-02,01:39:27,H,3.00,64.40
2022-12-02,01:39:37,H,3.00,64.20
2022-12-02,01:39:47,H,3.00,63.80
2022-12-02,01:39:57,H,3.00,63.60
2022-12-02,01:40:07,H,3.00,63.60
2022-12-02,01:40:17,H,3.00,63.90
2022-12-02,01:40:27,H,3.00,64.40
2022-12-02,01:40:37,H,3.00,64.70
2022-12-02,01:40:47,H,3.00,65.00
2022-12-02,01:40:57,H,3.00,65.10
2022-12-02,01:41:07,H,3.00,65.30
2022-12-02,01:41:17,H,3.00,65.40
2022-12-02,01:41:27,H,3.00,65.50
2022-12-02,01:41:37,H,3.00,65.60
2022-12-02,01:41:47,H,3.00,65.60
2022-12-02,01:41:57,H,3.00,65.60
2022-12-02,01:42:07,H,3.00,65.60
2022-12-02,01:42:17,H,3.00,65.60
2022-12-02,01:42:37,H,3.00,65.60
2022-12-02,01:42:47,H,3.00,65.50
2022-12-02,01:42:57,H,3.00,65.50
2022-12-02,01:43:07,H,3.00,65.50
2022-12-02,01:43:17,H,3.00,65.10
2022-12-02,01:43:27,H,3.00,64.70
2022-12-02,01:43:37,H,3.00,64.40
2022-12-02,01:43:47,H,3.00,64.10
2022-12-02,01:43:57,H,3.00,63.90
2022-12-02,01:44:07,H,3.00,63.90
2022-12-02,01:44:17,H,3.00,63.50
2022-12-02,01:44:27,H,3.00,63.50
2022-12-02,01:44:37,H,3.00,63.70
2022-12-02,01:44:47,H,3.00,64.10
2022-12-02,01:44:57,H,3.00,64.40
2022-12-02,01:45:07,H,3.00,64.60
2022-12-02,01:45:17,H,3.00,64.90
2022-12-02,01:45:27,H,3.00,65.20
2022-12-02,01:45:37,H,3.00,65.40
2022-12-02,01:45:47,H,3.00,65.40
2022-12-02,01:45:57,H,3.00,65.50
2022-12-02,01:46:07,H,3.00,65.60
2022-12-02,01:46:17,H,3.00,65.60
2022-12-02,01:46:27,H,3.00,65.60
2022-12-02,01:46:37,H,3.00,65.20
2022-12-02,01:46:47,H,3.00,64.90
2022-12-02,01:46:57,H,3.00,64.50
2022-12-02,01:47:07,H,3.00,64.70
2022-12-02,01:47:17,H,3.00,65.10
2022-12-02,01:47:27,H,3.00,65.20
2022-12-02,01:47:37,H,3.00,65.40
2022-12-02,01:47:47,H,3.00,65.40
2022-12-02,01:47:57,H,3.00,65.30
2022-12-02,01:48:07,H,3.00,65.30
2022-12-02,01:48:17,H,3.00,65.40
2022-12-02,01:48:27,H,3.00,65.60
2022-12-02,01:48:47,H,3.00,65.70
2022-12-02,01:48:57,H,3.00,65.80
2022-12-02,01:49:07,H,3.00,65.80
2022-12-02,01:49:17,H,3.00,65.50
2022-12-02,01:49:27,H,3.00,65.00
2022-12-02,01:49:37,H,3.00,64.90
2022-12-02,01:49:47,H,3.00,65.00
2022-12-02,01:49:57,H,3.00,64.90
2022-12-02,01:50:07,H,3.00,65.00
2022-12-02,01:50:17,H,3.00,65.20
2022-12-02,01:50:27,H,3.00,65.40
2022-12-02,01:50:37,H,3.00,65.60
2022-12-02,01:50:47,H,3.00,65.60
2022-12-02,01:50:57,H,3.00,65.70
2022-12-02,01:51:07,H,3.00,65.70
2022-12-02,01:51:17,H,3.00,65.80
2022-12-02,01:51:27,H,3.00,65.60
2022-12-02,01:51:37,H,3.00,65.30
2022-12-02,01:51:47,H,3.00,65.10
2022-12-02,01:51:57,H,3.00,65.20
2022-12-02,01:52:07,H,3.00,65.20
2022-12-02,01:52:17,H,3.00,65.10
2022-12-02,01:52:27,H,3.00,65.00
2022-12-02,01:52:37,H,3.00,65.00
2022-12-02,01:52:47,H,3.00,65.00
2022-12-02,01:52:57,H,3.00,65.10
2022-12-02,01:53:07,H,3.00,65.10
2022-12-02,01:53:17,H,3.00,65.20
2022-12-02,01:53:27,H,3.00,65.30
2022-12-02,01:53:37,H,3.00,65.30
2022-12-02,01:53:47,H,3.00,65.30
2022-12-02,01:53:57,H,3.00,65.30
2022-12-02,01:54:07,H,3.00,65.20
2022-12-02,01:54:17,H,3.00,65.20
2022-12-02,01:54:27,H,3.00,65.10
2022-12-02,01:54:37,H,3.00,65.00
2022-12-02,01:54:47,H,3.00,64.90
2022-12-02,01:54:57,H,3.00,64.80
2022-12-02,01:55:07,H,2.90,64.80
2022-12-02,01:55:17,H,3.00,64.80
2022-12-02,01:55:27,H,2.90,64.70
2022-12-02,01:55:37,H,2.90,64.70
2022-12-02,01:55:47,H,2.90,64.70
2022-12-02,01:55:57,H,2.90,64.90
2022-12-02,01:56:07,H,2.90,65.00
2022-12-02,01:56:17,H,2.90,65.20
2022-12-02,01:56:27,H,2.90,65.30
2022-12-02,01:56:37,H,2.90,65.40
2022-12-02,01:56:47,H,2.90,65.40
2022-12-02,01:56:57,H,2.90,65.50
2022-12-02,01:57:07,H,2.90,65.60
2022-12-02,01:57:17,H,2.90,65.60
2022-12-02,01:57:27,H,2.90,65.50
2022-12-02,01:57:37,H,2.90,65.50
2022-12-02,01:57:47,H,2.90,65.50
2022-12-02,01:57:57,H,2.90,65.50
2022-12-02,01:58:07,H,2.90,65.50
2022-12-02,01:58:17,H,2.90,65.50
2022-12-02,01:58:27,H,2.90,65.50
2022-12-02,01:58:37,H,3.00,65.50
2022-12-02,01:58:47,H,2.90,65.50
2022-12-02,01:58:57,H,2.90,65.60
2022-12-02,01:59:07,H,3.00,65.60
2022-12-02,01:59:17,H,2.90,65.60
2022-12-02,01:59:27,H,3.00,65.60
2022-12-02,01:59:37,H,2.90,65.60
2022-12-02,01:59:47,H,3.00,65.60
2022-12-02,01:59:57,H,3.00,65.40
2022-12-02,02:00:07,H,3.00,65.30
2022-12-02,02:00:17,H,3.00,65.30
2022-12-02,02:00:27,H,3.00,65.40
2022-12-02,02:00:37,H,3.00,65.50
2022-12-02,02:00:47,H,3.00,65.60
2022-12-02,02:00:57,H,3.00,65.40
2022-12-02,02:01:07,H,3.00,65.10
2022-12-02,02:01:17,H,3.00,64.30
2022-12-02,02:01:27,H,3.00,63.90
2022-12-02,02:01:37,H,3.00,63.80
2022-12-02,02:01:47,H,2.90,64.20
2022-12-02,02:01:57,H,2.90,64.60
2022-12-02,02:02:07,H,2.90,65.00
2022-12-02,02:02:17,H,2.90,65.20
2022-12-02,02:02:27,H,2.90,65.40
2022-12-02,02:02:37,H,3.00,65.50
2022-12-02,02:02:47,H,3.00,65.50
2022-12-02,02:02:57,H,3.00,65.60
2022-12-02,02:03:07,H,3.00,65.70
2022-12-02,02:03:17,H,3.00,65.70
2022-12-02,02:03:37,H,3.00,65.70
2022-12-02,02:03:47,H,3.00,65.00
2022-12-02,02:03:57,H,3.00,64.90
2022-12-02,02:04:07,H,3.00,65.00
2022-12-02,02:04:17,H,3.00,65.10
2022-12-02,02:04:27,H,3.00,64.70
2022-12-02,02:04:37,H,3.00,64.20
2022-12-02,02:04:47,H,3.00,63.90
2022-12-02,02:04:57,H,3.00,64.20
2022-12-02,02:05:07,H,2.90,64.60
2022-12-02,02:05:17,H,3.00,64.90
2022-12-02,02:05:27,H,3.00,64.90
2022-12-02,02:05:37,H,3.00,65.00
2022-12-02,02:05:47,H,3.00,65.10
2022-12-02,02:05:57,H,2.90,65.20
2022-12-02,02:06:07,H,2.90,65.20
2022-12-02,02:06:17,H,2.90,65.20
2022-12-02,02:06:27,H,2.90,65.10
2022-12-02,02:06:37,H,3.00,65.10
2022-12-02,02:06:47,H,2.90,65.20
2022-12-02,02:06:57,H,2.90,65.10
2022-12-02,02:07:07,H,2.90,65.00
2022-12-02,02:07:17,H,2.90,65.00
2022-12-02,02:07:27,H,2.90,65.10
2022-12-02,02:07:37,H,2.90,65.20
2022-12-02,02:07:47,H,2.90,65.20
2022-12-02,02:07:57,H,2.90,65.20
2022-12-02,02:08:07,H,2.90,65.20
2022-12-02,02:08:17,H,2.90,65.20
2022-12-02,02:08:27,H,2.90,65.20
2022-12-02,02:08:37,H,2.90,65.10
2022-12-02,02:08:47,H,2.90,65.00
2022-12-02,02:08:57,H,2.90,64.90
2022-12-02,02:09:07,H,2.90,64.90
2022-12-02,02:09:17,H,2.90,64.90
2022-12-02,02:09:27,H,2.90,64.90
2022-12-02,02:09:37,H,2.90,65.00
2022-12-02,02:09:57,H,2.90,65.20
2022-12-02,02:10:07,H,2.90,65.20
2022-12-02,02:10:17,H,2.90,65.30
2022-12-02,02:10:27,H,2.90,65.40
2022-12-02,02:10:37,H,2.90,65.40
2022-12-02,02:10:47,H,3.00,65.30
2022-12-02,02:10:57,H,2.90,65.30
2022-12-02,02:11:07,H,2.90,65.30
2022-12-02,02:11:17,H,2.90,65.30
2022-12-02,02:11:27,H,2.90,65.30
2022-12-02,02:11:37,H,2.90,65.40
2022-12-02,02:11:47,H,3.00,65.50
2022-12-02,02:11:57,H,2.90,65.50
2022-12-02,02:12:07,H,3.00,65.60
2022-12-02,02:12:17,H,2.90,65.70
2022-12-02,02:12:27,H,3.00,65.80
2022-12-02,02:12:37,H,3.00,65.80
2022-12-02,02:12:47,H,3.00,65.80
2022-12-02,02:12:57,H,3.00,65.80
2022-12-02,02:13:07,H,3.00,65.60
2022-12-02,02:13:17,H,3.00,65.20
2022-12-02,02:13:27,H,3.00,64.60
2022-12-02,02:13:37,H,3.00,64.60
2022-12-02,02:13:47,H,3.00,64.70
2022-12-02,02:13:57,H,3.00,64.80
2022-12-02,02:14:07,H,3.00,64.70
2022-12-02,02:14:17,H,3.00,64.60
2022-12-02,02:14:27,H,3.00,64.70
2022-12-02,02:14:37,H,3.00,64.80
2022-12-02,02:14:47,H,3.00,65.00
2022-12-02,02:14:57,H,2.90,65.10
2022-12-02,02:15:07,H,3.00,65.30
2022-12-02,02:15:17,H,3.00,65.50
2022-12-02,02:15:27,H,3.00,65.60
2022-12-02,02:15:37,H,3.00,65.40
2022-12-02,02:15:47,H,3.00,64.80
2022-12-02,02:15:57,H,2.90,64.80
2022-12-02,02:16:07,H,3.00,65.00
2022-12-02,02:16:17,H,3.00,65.10
2022-12-02,02:16:27,H,3.00,65.10
2022-12-02,02:16:37,H,3.00,65.20
2022-12-02,02:16:47,H,3.00,64.90
2022-12-02,02:16:57,H,3.00,64.80
2022-12-02,02:17:07,H,3.00,64.80
2022-12-02,02:17:17,H,3.00,65.00
2022-12-02,02:17:27,H,3.00,65.20
2022-12-02,02:17:37,H,3.00,65.30
2022-12-02,02:17:47,H,2.90,65.30
2022-12-02,02:17:57,H,3.00,65.40
2022-12-02,02:18:07,H,2.90,65.40
2022-12-02,02:18:17,H,3.00,65.40
2022-12-02,02:18:27,H,3.00,65.40
2022-12-02,02:18:37,H,3.00,65.40
2022-12-02,02:18:47,H,2.90,65.30
2022-12-02,02:18:57,H,3.00,65.30
2022-12-02,02:19:07,H,3.00,65.30
2022-12-02,02:19:17,H,2.90,65.30
2022-12-02,02:19:27,H,2.90,65.30
2022-12-02,02:19:37,H,2.90,65.30
2022-12-02,02:19:47,H,2.90,65.20
2022-12-02,02:19:57,H,2.90,65.00
2022-12-02,02:20:07,H,2.90,64.90
2022-12-02,02:20:17,H,2.90,64.80
2022-12-02,02:20:27,H,2.90,64.80
2022-12-02,02:20:37,H,2.90,64.90
2022-12-02,02:20:47,H,2.90,64.80
2022-12-02,02:20:57,H,2.90,64.80
2022-12-02,02:21:07,H,2.90,64.90
2022-12-02,02:21:17,H,2.90,65.00
2022-12-02,02:21:27,H,2.90,64.90
2022-12-02,02:21:37,H,2.90,64.70
2022-12-02,02:21:47,H,2.90,64.70
2022-12-02,02:21:57,H,2.90,64.70
2022-12-02,02:22:07,H,2.90,64.80
2022-12-02,02:22:17,H,2.90,64.70
2022-12-02,02:22:27,H,2.90,64.70
2022-12-02,02:22:37,H,2.90,64.60
2022-12-02,02:22:47,H,2.90,64.50
2022-12-02,02:22:57,H,2.90,64.50
2022-12-02,02:23:07,H,2.90,64.50
2022-12-02,02:23:17,H,2.90,64.50
2022-12-02,02:23:27,H,2.90,64.40
2022-12-02,02:23:37,H,2.90,64.50
2022-12-02,02:23:47,H,2.90,64.60
2022-12-02,02:23:57,H,2.90,64.80
2022-12-02,02:24:07,H,2.90,65.00
2022-12-02,02:24:17,H,2.90,65.20
2022-12-02,02:24:27,H,2.90,65.30
2022-12-02,02:24:37,H,2.90,65.40
2022-12-02,02:24:57,H,2.90,64.90
2022-12-02,02:25:07,H,2.90,64.50
2022-12-02,02:25:17,H,2.90,64.10
2022-12-02,02:25:27,H,2.90,63.90
2022-12-02,02:25:37,H,2.90,63.50
2022-12-02,02:25:47,H,2.90,63.30
2022-12-02,02:25:57,H,2.90,63.60
2022-12-02,02:26:07,H,2.80,64.00
2022-12-02,02:26:17,H,2.80,64.40
2022-12-02,02:26:27,H,2.80,64.80
2022-12-02,02:26:37,H,2.90,65.10
2022-12-02,02:26:47,H,2.80,65.10
2022-12-02,02:26:57,H,2.80,64.80
2022-12-02,02:27:07,H,2.90,64.20
2022-12-02,02:27:17,H,2.80,63.90
2022-12-02,02:27:27,H,2.80,64.30
2022-12-02,02:27:37,H,2.90,64.40
2022-12-02,02:27:47,H,2.80,64.70
2022-12-02,02:27:57,H,2.80,64.90
2022-12-02,02:28:07,H,2.80,65.10
2022-12-02,02:28:17,H,2.90,64.90
2022-12-02,02:28:27,H,2.80,64.10
2022-12-02,02:28:37,H,2.90,63.40
2022-12-02,02:28:47,H,2.80,63.10
2022-12-02,02:28:57,H,2.80,63.30
2022-12-02,02:29:07,H,2.80,63.00
2022-12-02,02:29:17,H,2.80,62.90
2022-12-02,02:29:27,H,2.80,63.30
2022-12-02,02:29:37,H,2.80,63.90
2022-12-02,02:29:47,H,2.80,64.40
2022-12-02,02:29:57,H,2.80,64.00
2022-12-02,02:30:07,H,2.80,64.30
2022-12-02,02:30:17,H,2.80,64.70
2022-12-02,02:30:27,H,2.80,65.10
2022-12-02,02:30:37,H,2.80,65.10
2022-12-02,02:30:47,H,2.80,65.20
2022-12-02,02:30:57,H,2.80,65.20
2022-12-02,02:31:07,H,2.80,65.20
2022-12-02,02:31:17,H,2.80,65.20
2022-12-02,02:31:27,H,2.80,65.30
2022-12-02,02:31:37,H,2.80,65.40
2022-12-02,02:31:47,H,2.80,65.40
2022-12-02,02:31:57,H,2.80,65.50
2022-12-02,02:32:07,H,2.80,65.50
2022-12-02,02:32:17,H,2.80,65.50
2022-12-02,02:32:27,H,2.80,65.30
2022-12-02,02:32:37,H,2.80,65.20
2022-12-02,02:32:47,H,2.80,65.20
2022-12-02,02:32:57,H,2.80,65.40
2022-12-02,02:33:07,H,2.80,65.70
2022-12-02,02:33:17,H,2.90,65.70
2022-12-02,02:33:27,H,2.90,65.80
2022-12-02,02:33:37,H,2.90,65.80
2022-12-02,02:33:47,H,2.90,65.80
2022-12-02,02:33:57,H,2.90,65.80
2022-12-02,02:34:07,H,2.90,65.80
2022-12-02,02:34:17,H,2.90,66.00
2022-12-02,02:34:27,H,2.90,66.10
2022-12-02,02:34:37,H,2.90,66.10
2022-12-02,02:34:47,H,2.90,66.10
2022-12-02,02:34:57,H,2.90,66.00
2022-12-02,02:35:07,H,2.90,65.80
2022-12-02,02:35:17,H,2.90,65.60
2022-12-02,02:35:37,H,2.90,65.80
2022-12-02,02:35:47,H,2.90,65.80
2022-12-02,02:35:57,H,2.90,65.90
2022-12-02,02:36:07,H,2.90,65.90
2022-12-02,02:36:17,H,3.00,66.00
2022-12-02,02:36:27,H,3.00,66.00
2022-12-02,02:36:37,H,2.90,65.90
2022-12-02,02:36:47,H,3.00,65.90
2022-12-02,02:36:57,H,3.00,66.00
2022-12-02,02:37:07,H,3.00,66.00
2022-12-02,02:37:17,H,3.00,66.00
2022-12-02,02:37:27,H,3.00,65.70
2022-12-02,02:37:37,H,3.00,65.50
2022-12-02,02:37:47,H,3.00,65.50
2022-12-02,02:37:57,H,3.00,65.50
2022-12-02,02:38:07,H,3.00,65.60
2022-12-02,02:38:17,H,3.00,65.40
2022-12-02,02:38:27,H,3.00,65.20
2022-12-02,02:38:37,H,3.00,64.70
2022-12-02,02:38:47,H,3.00,64.20
2022-12-02,02:38:57,H,3.00,63.90
2022-12-02,02:39:07,H,3.00,64.20
2022-12-02,02:39:17,H,3.00,64.70
2022-12-02,02:39:27,H,3.00,65.00
2022-12-02,02:39:37,H,3.00,65.10
2022-12-02,02:39:47,H,3.00,65.20
2022-12-02,02:39:57,H,2.90,65.30
2022-12-02,02:40:07,H,3.00,65.50
2022-12-02,02:40:17,H,3.00,65.60
2022-12-02,02:40:27,H,3.00,65.70
2022-12-02,02:40:37,H,2.90,65.70
2022-12-02,02:40:47,H,3.00,65.80
2022-12-02,02:40:57,H,3.00,65.80
2022-12-02,02:41:07,H,3.00,65.80
2022-12-02,02:41:17,H,3.00,65.90
2022-12-02,02:41:27,H,3.00,65.90
2022-12-02,02:41:37,H,3.00,66.00
2022-12-02,02:41:47,H,3.00,66.00
2022-12-02,02:41:57,H,3.00,65.90
2022-12-02,02:42:07,H,3.00,65.80
2022-12-02,02:42:17,H,3.00,65.90
2022-12-02,02:42:27,H,3.00,65.90
2022-12-02,02:42:37,H,3.00,66.00
2022-12-02,02:42:47,H,3.00,66.00
2022-12-02,02:42:57,H,3.00,66.10
2022-12-02,02:43:07,H,3.00,66.10
2022-12-02,02:43:17,H,3.00,65.90
2022-12-02,02:43:27,H,3.00,65.70
2022-12-02,02:43:37,H,3.00,65.70
2022-12-02,02:43:47,H,3.00,65.30
2022-12-02,02:43:57,H,3.00,65.00
2022-12-02,02:44:07,H,3.00,65.00
2022-12-02,02:44:17,H,3.00,65.10
2022-12-02,02:44:27,H,3.00,65.20
2022-12-02,02:44:37,H,3.00,65.20
2022-12-02,02:44:47,H,3.00,64.80
2022-12-02,02:44:57,H,3.00,64.00
2022-12-02,02:45:07,H,3.00,63.80
2022-12-02,02:45:17,H,3.00,64.20
2022-12-02,02:45:27,H,3.00,64.70
2022-12-02,02:45:37,H,3.00,65.00
2022-12-02,02:45:47,H,3.00,65.30
2022-12-02,02:45:57,H,3.00,65.50
2022-12-02,02:46:07,H,3.00,65.60
2022-12-02,02:46:17,H,3.00,65.60
2022-12-02,02:46:27,H,3.00,65.70
2022-12-02,02:46:37,H,3.00,65.70
2022-12-02,02:46:47,H,3.00,65.80
2022-12-02,02:46:57,H,3.00,65.80
2022-12-02,02:47:07,H,3.00,65.90
2022-12-02,02:47:17,H,3.00,65.60
2022-12-02,02:47:27,H,3.00,65.30
2022-12-02,02:47:37,H,3.00,65.30
2022-12-02,02:47:47,H,3.00,65.50
2022-12-02,02:47:57,H,3.00,65.70
2022-12-02,02:48:07,H,3.00,65.80
2022-12-02,02:48:17,H,3.00,65.80
2022-12-02,02:48:27,H,3.00,65.90
2022-12-02,02:48:37,H,3.00,65.90
2022-12-02,02:48:47,H,3.00,66.00
2022-12-02,02:48:57,H,3.00,66.00
2022-12-02,02:49:07,H,3.00,66.00
2022-12-02,02:49:17,H,3.00,66.00
2022-12-02,02:49:27,H,3.00,66.00
2022-12-02,02:49:37,H,3.00,66.00
2022-12-02,02:49:47,H,3.00,65.90
2022-12-02,02:49:57,H,3.00,65.90
2022-12-02,02:50:07,H,3.00,65.90
2022-12-02,02:50:17,H,3.00,65.80
2022-12-02,02:50:27,H,3.00,65.80
2022-12-02,02:50:37,H,3.00,65.70
2022-12-02,02:50:47,H,3.00,65.70
2022-12-02,02:50:57,H,3.00,65.60
2022-12-02,02:51:07,H,3.00,65.50
2022-12-02,02:51:17,H,3.00,65.50
2022-12-02,02:51:27,H,3.00,65.40
2022-12-02,02:51:37,H,3.00,65.40
2022-12-02,02:51:47,H,3.00,65.30
2022-12-02,02:51:57,H,3.00,65.20
2022-12-02,02:52:07,H,3.00,65.10
2022-12-02,02:52:17,H,3.00,65.10
2022-12-02,02:52:27,H,3.00,65.00
2022-12-02,02:52:37,H,3.00,64.90
2022-12-02,02:52:47,H,3.00,64.80
2022-12-02,02:52:57,H,3.00,64.80
2022-12-02,02:53:07,H,3.00,64.90
2022-12-02,02:53:17,H,3.00,65.00
2022-12-02,02:53:27,H,3.00,65.20
2022-12-02,02:53:37,H,3.00,65.40
2022-12-02,02:53:47,H,3.00,65.30
2022-12-02,02:53:57,H,3.00,65.10
2022-12-02,02:54:07,H,3.00,64.80
2022-12-02,02:54:17,H,3.00,64.60
2022-12-02,02:54:27,H,3.00,64.50
2022-12-02,02:54:37,H,2.90,64.40
2022-12-02,02:54:47,H,2.90,64.50
2022-12-02,02:54:57,H,2.90,64.50
2022-12-02,02:55:07,H,2.90,64.50
2022-12-02,02:55:17,H,2.90,64.50
2022-12-02,02:55:27,H,2.90,64.50
2022-12-02,02:55:37,H,2.90,64.50
2022-12-02,02:55:47,H,2.90,64.50
2022-12-02,02:55:57,H,2.90,64.40
2022-12-02,02:56:07,H,2.90,64.40
2022-12-02,02:56:17,H,2.90,64.40
2022-12-02,02:56:27,H,2.90,64.40
2022-12-02,02:56:37,H,2.90,64.40
2022-12-02,02:56:47,H,2.90,64.40
2022-12-02,02:56:57,H,2.90,64.40
2022-12-02,02:57:07,H,2.90,64.40
2022-12-02,02:57:17,H,2.90,64.50
2022-12-02,02:57:27,H,2.90,64.50
2022-12-02,02:57:37,H,2.90,64.50
2022-12-02,02:57:47,H,2.90,64.50
2022-12-02,02:57:57,H,2.90,64.50
2022-12-02,02:58:07,H,2.90,64.50
2022-12-02,02:58:17,H,2.90,64.50
2022-12-02,02:58:27,H,2.90,64.50
2022-12-02,02:58:37,H,2.90,64.60
2022-12-02,02:58:47,H,2.90,64.70
2022-12-02,02:58:57,H,2.90,64.80
2022-12-02,02:59:07,H,2.90,64.90
2022-12-02,02:59:17,H,2.90,65.00
2022-12-02,02:59:27,H,2.90,64.90
2022-12-02,02:59:37,H,2.90,64.90
2022-12-02,02:59:47,H,2.90,65.00
2022-12-02,02:59:57,H,2.90,65.00
2022-12-02,03:00:07,H,2.90,65.10
2022-12-02,03:00:17,H,2.90,65.10
2022-12-02,03:00:27,H,2.90,65.00
2022-12-02,03:00:37,H,2.90,65.00
2022-12-02,03:00:47,H,2.90,65.00
2022-12-02,03:00:57,H,2.90,65.00
2022-12-02,03:01:07,H,2.90,65.00
2022-12-02,03:01:17,H,2.90,65.10
2022-12-02,03:01:27,H,2.90,65.10
2022-12-02,03:01:37,H,2.90,65.20
2022-12-02,03:01:47,H,2.90,65.20
2022-12-02,03:01:57,H,2.90,65.20
2022-12-02,03:02:07,H,2.90,65.30
2022-12-02,03:02:17,H,2.90,65.30
2022-12-02,03:02:27,H,2.90,65.30
2022-12-02,03:02:37,H,2.90,65.40
2022-12-02,03:02:47,H,2.90,65.40
2022-12-02,03:02:57,H,2.90,65.40
2022-12-02,03:03:07,H,2.90,65.40
2022-12-02,03:03:17,H,2.90,65.40
2022-12-02,03:03:27,H,2.90,65.40
2022-12-02,03:03:37,H,2.90,65.40
2022-12-02,03:03:47,H,2.90,65.50
2022-12-02,03:03:57,H,2.90,65.50
2022-12-02,03:04:07,H,2.90,65.50
2022-12-02,03:04:17,H,2.90,65.20
2022-12-02,03:04:27,H,2.90,65.10
2022-12-02,03:04:37,H,2.90,65.20
2022-12-02,03:04:47,H,2.90,65.30
2022-12-02,03:04:57,H,2.90,65.40
2022-12-02,03:05:07,H,2.90,65.50
2022-12-02,03:05:17,H,2.90,65.50
2022-12-02,03:05:27,H,2.90,65.40
2022-12-02,03:05:37,H,2.90,65.00
2022-12-02,03:05:47,H,2.90,64.70
2022-12-02,03:05:57,H,2.90,64.70
2022-12-02,03:06:07,H,2.90,65.00
2022-12-02,03:06:17,H,2.90,65.30
2022-12-02,03:06:27,H,2.90,65.40
2022-12-02,03:06:37,H,2.90,65.50
2022-12-02,03:06:47,H,2.90,65.60
2022-12-02,03:06:57,H,2.90,65.70
2022-12-02,03:07:07,H,2.90,65.70
2022-12-02,03:07:17,H,2.90,65.70
2022-12-02,03:07:27,H,3.00,65.60
2022-12-02,03:07:37,H,3.00,65.70
2022-12-02,03:07:47,H,3.00,65.60
2022-12-02,03:07:57,H,3.00,65.60
2022-12-02,03:08:07,H,3.00,65.60
2022-12-02,03:08:17,H,3.00,65.60
2022-12-02,03:08:27,H,3.00,65.00
2022-12-02,03:08:37,H,3.00,64.70
2022-12-02,03:08:47,H,3.00,65.00
2022-12-02,03:08:57,H,3.00,65.20
2022-12-02,03:09:07,H,3.00,65.10
2022-12-02,03:09:17,H,2.90,64.90
2022-12-02,03:09:27,H,3.00,64.80
2022-12-02,03:09:37,H,3.00,64.70
2022-12-02,03:09:47,H,3.00,64.60
2022-12-02,03:09:57,H,3.00,64.40
2022-12-02,03:10:07,H,3.00,64.00
2022-12-02,03:10:17,H,3.00,64.30
2022-12-02,03:10:27,H,3.00,64.60
2022-12-02,03:10:37,H,3.00,65.10
2022-12-02,03:10:47,H,3.00,65.40
2022-12-02,03:10:57,H,2.90,65.50
2022-12-02,03:11:07,H,3.00,65.70
2022-12-02,03:11:17,H,3.00,65.80
2022-12-02,03:11:27,H,3.00,65.90
2022-12-02,03:11:37,H,3.00,66.00
2022-12-02,03:11:47,H,3.00,66.00
2022-12-02,03:11:57,H,3.00,66.00
2022-12-02,03:12:07,H,3.00,65.90
2022-12-02,03:12:17,H,3.00,65.80
2022-12-02,03:12:27,H,3.00,65.80
2022-12-02,03:12:37,H,3.00,65.80
2022-12-02,03:12:47,H,3.00,65.80
2022-12-02,03:12:57,H,3.00,65.90
2022-12-02,03:13:07,H,3.00,65.90
2022-12-02,03:13:17,H,3.00,65.80
2022-12-02,03:13:27,H,3.00,65.80
2022-12-02,03:13:37,H,3.00,65.80
2022-12-02,03:13:47,H,3.00,65.90
2022-12-02,03:13:57,H,3.00,65.90
2022-12-02,03:14:07,H,3.00,65.90
2022-12-02,03:14:17,H,3.00,66.00
2022-12-02,03:14:27,H,3.00,66.10
2022-12-02,03:14:37,H,3.00,66.10
2022-12-02,03:14:47,H,3.00,66.20
2022-12-02,03:14:57,H,3.00,66.20
2022-12-02,03:15:07,H,3.00,66.10
2022-12-02,03:15:17,H,3.10,66.00
2022-12-02,03:15:27,H,3.00,65.90
2022-12-02,03:15:37,H,3.00,65.90
2022-12-02,03:15:47,H,3.00,66.00
2022-12-02,03:15:57,H,3.00,66.00
2022-12-02,03:16:07,H,3.00,65.80
2022-12-02,03:16:17,H,3.00,65.70
2022-12-02,03:16:27,H,3.00,65.70
2022-12-02,03:16:37,H,3.00,65.70
2022-12-02,03:16:47,H,3.00,65.80
2022-12-02,03:16:57,H,3.00,65.80
2022-12-02,03:17:07,H,3.00,65.80
2022-12-02,03:17:17,H,3.00,65.80
2022-12-02,03:17:27,H,3.00,65.70
2022-12-02,03:17:37,H,3.00,65.70
2022-12-02,03:17:47,H,3.00,65.50
2022-12-02,03:17:57,H,3.00,65.40
2022-12-02,03:18:07,H,3.00,65.00
2022-12-02,03:18:17,H,3.00,64.30
2022-12-02,03:18:27,H,3.00,64.20
2022-12-02,03:18:37,H,3.00,64.30
2022-12-02,03:18:47,H,3.00,63.80
2022-12-02,03:18:57,H,3.00,63.60
2022-12-02,03:19:07,H,3.00,63.20
2022-12-02,03:19:17,H,3.00,62.90
2022-12-02,03:19:27,H,2.90,62.60
2022-12-02,03:19:37,H,2.90,62.80
2022-12-02,03:19:47,H,2.90,63.50
2022-12-02,03:19:57,H,2.90,64.20
2022-12-02,03:20:07,H,2.90,64.50
2022-12-02,03:20:17,H,2.90,64.90
2022-12-02,03:20:27,H,2.90,65.30
2022-12-02,03:20:37,H,2.90,65.50
2022-12-02,03:20:47,H,2.90,65.70
2022-12-02,03:20:57,H,2.90,65.70
2022-12-02,03:21:07,H,2.90,65.80
2022-12-02,03:21:17,H,2.90,65.90
2022-12-02,03:21:27,H,2.90,66.00
2022-12-02,03:21:37,H,2.90,66.10
2022-12-02,03:21:47,H,2.90,66.10
2022-12-02,03:21:57,H,2.90,66.10
2022-12-02,03:22:07,H,3.00,66.10
2022-12-02,03:22:17,H,3.00,66.20
2022-12-02,03:22:27,H,3.00,66.20
2022-12-02,03:22:37,H,2.90,66.20
2022-12-02,03:22:47,H,3.00,66.00
2022-12-02,03:22:57,H,3.00,65.90
2022-12-02,03:23:07,H,3.00,65.40
2022-12-02,03:23:17,H,3.00,64.30
2022-12-02,03:23:27,H,3.00,63.70
2022-12-02,03:23:37,H,2.90,63.40
2022-12-02,03:23:47,H,2.90,62.90
2022-12-02,03:23:57,H,2.90,63.10
2022-12-02,03:24:07,H,2.90,63.60
2022-12-02,03:24:17,H,2.90,64.30
2022-12-02,03:24:27,H,2.90,65.00
2022-12-02,03:24:37,H,2.90,65.50
2022-12-02,03:24:47,H,2.90,65.80
2022-12-02,03:24:57,H,2.90,66.10
2022-12-02,03:25:07,H,2.90,66.30
2022-12-02,03:25:17,H,2.90,66.40
2022-12-02,03:25:27,H,2.90,66.30
2022-12-02,03:25:37,H,2.90,65.10
2022-12-02,03:25:47,H,2.90,63.80
2022-12-02,03:25:57,H,2.90,63.70
2022-12-02,03:26:07,H,2.90,64.10
2022-12-02,03:26:17,H,2.90,64.80
2022-12-02,03:26:27,H,2.90,65.40
2022-12-02,03:26:37,H,2.90,65.80
2022-12-02,03:26:47,H,2.90,66.00
2022-12-02,03:26:57,H,2.90,66.20
2022-12-02,03:27:07,H,2.90,66.40
2022-12-02,03:27:17,H,2.90,66.50
2022-12-02,03:27:27,H,2.90,66.60
2022-12-02,03:27:37,H,3.00,66.60
2022-12-02,03:27:47,H,3.00,66.60
2022-12-02,03:27:57,H,3.00,66.60
2022-12-02,03:28:07,H,3.00,66.70
2022-12-02,03:28:17,H,3.00,66.70
2022-12-02,03:28:27,H,3.00,66.70
2022-12-02,03:28:37,H,3.00,66.70
2022-12-02,03:28:47,H,3.00,66.70
2022-12-02,03:28:57,H,3.00,66.70
2022-12-02,03:29:07,H,3.00,66.80
2022-12-02,03:29:17,H,3.00,66.70
2022-12-02,03:29:27,H,3.00,66.20
2022-12-02,03:29:37,H,3.00,65.90
2022-12-02,03:29:47,H,3.00,65.80
2022-12-02,03:29:57,H,3.00,65.90
2022-12-02,03:30:07,H,3.00,66.10
2022-12-02,03:30:17,H,3.00,66.20
2022-12-02,03:30:27,H,3.00,66.40
2022-12-02,03:30:37,H,3.00,66.50
2022-12-02,03:30:47,H,3.10,66.60
2022-12-02,03:30:57,H,3.10,66.70
2022-12-02,03:31:07,H,3.10,66.70
2022-12-02,03:31:17,H,3.10,66.70
2022-12-02,03:31:27,H,3.10,66.80
2022-12-02,03:31:37,H,3.10,66.80
2022-12-02,03:31:47,H,3.10,66.80
2022-12-02,03:31:57,H,3.10,66.70
2022-12-02,03:32:07,H,3.10,66.60
2022-12-02,03:32:17,H,3.10,66.30
2022-12-02,03:32:27,H,3.10,65.80
2022-12-02,03:32:37,H,3.10,65.40
2022-12-02,03:32:47,H,3.10,65.20
2022-12-02,03:32:57,H,3.10,65.00
2022-12-02,03:33:07,H,3.10,65.00
2022-12-02,03:33:17,H,3.10,65.50
2022-12-02,03:33:27,H,3.10,66.00
2022-12-02,03:33:37,H,3.10,66.20
2022-12-02,03:33:47,H,3.10,66.40
2022-12-02,03:33:57,H,3.10,66.50
2022-12-02,03:34:07,H,3.10,66.70
2022-12-02,03:34:17,H,3.10,66.70
2022-12-02,03:34:27,H,3.10,66.80
2022-12-02,03:34:37,H,3.10,66.80
2022-12-02,03:34:47,H,3.10,66.80
2022-12-02,03:34:57,H,3.10,66.70
2022-12-02,03:35:07,H,3.10,66.60
2022-12-02,03:35:17,H,3.10,66.50
2022-12-02,03:35:27,H,3.10,66.60
2022-12-02,03:35:37,H,3.10,66.70
2022-12-02,03:35:47,H,3.10,66.80
2022-12-02,03:35:57,H,3.10,66.80
2022-12-02,03:36:07,H,3.10,66.90
2022-12-02,03:36:17,H,3.10,66.80
2022-12-02,03:36:27,H,3.10,66.80
2022-12-02,03:36:37,H,3.10,66.70
2022-12-02,03:36:47,H,3.10,66.50
2022-12-02,03:36:57,H,3.10,66.40
2022-12-02,03:37:07,H,3.10,66.30
2022-12-02,03:37:17,H,3.10,66.30
2022-12-02,03:37:27,H,3.10,66.30
2022-12-02,03:37:37,H,3.10,66.40
2022-12-02,03:37:47,H,3.10,66.30
2022-12-02,03:37:57,H,3.10,66.10
2022-12-02,03:38:07,H,3.10,66.10
2022-12-02,03:38:17,H,3.10,66.30
2022-12-02,03:38:27,H,3.10,66.60
2022-12-02,03:38:37,H,3.10,66.80
2022-12-02,03:38:47,H,3.10,66.90
2022-12-02,03:38:57,H,3.10,67.00
2022-12-02,03:39:07,H,3.10,67.00
2022-12-02,03:39:17,H,3.10,67.00
2022-12-02,03:39:27,H,3.10,67.00
2022-12-02,03:39:37,H,3.10,67.10
2022-12-02,03:39:47,H,3.10,67.10
2022-12-02,03:39:57,H,3.20,67.10
2022-12-02,03:40:07,H,3.20,67.10
2022-12-02,03:40:17,H,3.20,67.00
2022-12-02,03:40:27,H,3.20,67.10
2022-12-02,03:40:37,H,3.20,67.10
2022-12-02,03:40:47,H,3.20,67.10
2022-12-02,03:40:57,H,3.20,67.20
2022-12-02,03:41:07,H,3.20,67.20
2022-12-02,03:41:17,H,3.20,67.20
2022-12-02,03:41:27,H,3.20,67.20
2022-12-02,03:41:37,H,3.20,67.20
2022-12-02,03:41:47,H,3.20,67.20
2022-12-02,03:41:57,H,3.20,67.20
2022-12-02,03:42:07,H,3.20,67.20
2022-12-02,03:42:17,H,3.20,67.20
2022-12-02,03:42:27,H,3.20,67.20
2022-12-02,03:42:37,H,3.20,67.20
2022-12-02,03:42:47,H,3.20,67.10
2022-12-02,03:42:57,H,3.20,67.10
2022-12-02,03:43:07,H,3.20,67.20
2022-12-02,03:43:17,H,3.20,67.00
2022-12-02,03:43:27,H,3.20,66.40
2022-12-02,03:43:37,H,3.20,66.00
2022-12-02,03:43:47,H,3.20,65.90
2022-12-02,03:43:57,H,3.20,65.90
2022-12-02,03:44:07,H,3.20,65.80
2022-12-02,03:44:17,H,3.20,65.10
2022-12-02,03:44:27,H,3.20,64.60
2022-12-02,03:44:37,H,3.20,64.50
2022-12-02,03:44:47,H,3.10,64.60
2022-12-02,03:44:57,H,3.10,64.70
2022-12-02,03:45:07,H,3.10,64.80
2022-12-02,03:45:17,H,3.10,64.60
2022-12-02,03:45:27,H,3.10,64.70
2022-12-02,03:45:37,H,3.10,64.70
2022-12-02,03:45:47,H,3.10,64.60
2022-12-02,03:45:57,H,3.10,64.80
2022-12-02,03:46:07,H,3.00,65.10
2022-12-02,03:46:17,H,3.00,65.40
2022-12-02,03:46:27,H,3.00,65.60
2022-12-02,03:46:37,H,3.00,65.80
2022-12-02,03:46:47,H,3.00,65.60
2022-12-02,03:46:57,H,3.00,65.20
2022-12-02,03:47:07,H,3.00,65.50
2022-12-02,03:47:17,H,3.00,65.90
2022-12-02,03:47:27,H,3.00,66.30
2022-12-02,03:47:37,H,3.00,66.70
2022-12-02,03:47:47,H,3.00,66.90
2022-12-02,03:47:57,H,3.00,66.70
2022-12-02,03:48:07,H,3.00,66.00
2022-12-02,03:48:17,H,3.00,65.60
2022-12-02,03:48:27,H,3.00,65.60
2022-12-02,03:48:37,H,2.90,65.20
2022-12-02,03:48:47,H,3.00,64.80
2022-12-02,03:48:57,H,2.90,64.50
2022-12-02,03:49:07,H,2.90,64.10
2022-12-02,03:49:17,H,2.90,64.00
2022-12-02,03:49:27,H,2.90,63.70
2022-12-02,03:49:37,H,2.90,63.60
2022-12-02,03:49:47,H,2.90,63.90
2022-12-02,03:49:57,H,2.90,64.30
2022-12-02,03:50:07,H,2.90,64.60
2022-12-02,03:50:17,H,2.80,65.00
2022-12-02,03:50:27,H,2.80,65.30
2022-12-02,03:50:37,H,2.80,65.60
2022-12-02,03:50:47,H,2.80,65.80
2022-12-02,03:50:57,H,2.80,66.00
2022-12-02,03:51:07,H,2.80,66.20
2022-12-02,03:51:17,H,2.80,66.20
2022-12-02,03:51:27,H,2.80,66.20
2022-12-02,03:51:37,H,2.90,66.20
2022-12-02,03:51:47,H,2.80,66.10
2022-12-02,03:51:57,H,2.80,65.70
2022-12-02,03:52:07,H,2.80,65.50
2022-12-02,03:52:17,H,2.80,65.00
2022-12-02,03:52:27,H,2.80,64.50
2022-12-02,03:52:37,H,2.80,64.50
2022-12-02,03:52:47,H,2.80,64.90
2022-12-02,03:52:57,H,2.80,65.00
2022-12-02,03:53:07,H,2.80,65.00
2022-12-02,03:53:17,H,2.80,64.80
2022-12-02,03:53:27,H,2.80,64.30
2022-12-02,03:53:37,H,2.80,63.90
2022-12-02,03:53:47,H,2.80,64.10
2022-12-02,03:53:57,H,2.70,64.60
2022-12-02,03:54:07,H,2.80,64.60
2022-12-02,03:54:17,H,2.70,64.90
2022-12-02,03:54:27,H,2.70,65.20
2022-12-02,03:54:37,H,2.70,65.40
2022-12-02,03:54:47,H,2.70,65.50
2022-12-02,03:54:57,H,2.70,65.90
2022-12-02,03:55:07,H,2.70,66.20
2022-12-02,03:55:17,H,2.80,66.30
2022-12-02,03:55:27,H,2.80,66.40
2022-12-02,03:55:37,H,2.80,66.10
2022-12-02,03:55:47,H,2.80,66.30
2022-12-02,03:55:57,H,2.80,66.50
2022-12-02,03:56:07,H,2.80,66.70
2022-12-02,03:56:17,H,2.80,66.80
2022-12-02,03:56:27,H,2.80,66.90
2022-12-02,03:56:37,H,2.80,67.00
2022-12-02,03:56:47,H,2.80,67.10
2022-12-02,03:56:57,H,2.80,67.10
2022-12-02,03:57:07,H,2.80,67.00
2022-12-02,03:57:17,H,2.80,66.90
2022-12-02,03:57:27,H,2.80,66.70
2022-12-02,03:57:37,H,2.80,66.80
2022-12-02,03:57:47,H,2.80,66.90
2022-12-02,03:57:57,H,2.80,66.60
2022-12-02,03:58:07,H,2.80,66.20
2022-12-02,03:58:17,H,2.80,66.10
2022-12-02,03:58:27,H,2.80,66.10
2022-12-02,03:58:37,H,2.80,66.30
2022-12-02,03:58:57,H,2.80,66.50
2022-12-02,03:59:07,H,2.80,66.40
2022-12-02,03:59:17,H,2.80,66.30
2022-12-02,03:59:27,H,2.80,66.30
2022-12-02,03:59:37,H,2.80,66.10
2022-12-02,03:59:47,H,2.80,65.70
2022-12-02,03:59:57,H,2.80,65.10
2022-12-02,04:00:07,H,2.80,64.60
2022-12-02,04:00:17,H,2.80,64.30
2022-12-02,04:00:27,H,2.80,63.80
2022-12-02,04:00:37,H,2.80,63.90
2022-12-02,04:00:47,H,2.80,63.40
2022-12-02,04:00:57,H,2.80,63.00
2022-12-02,04:01:07,H,2.70,63.00
2022-12-02,04:01:17,H,2.70,63.80
2022-12-02,04:01:27,H,2.70,64.20
2022-12-02,04:01:37,H,2.70,64.20
2022-12-02,04:01:47,H,2.70,63.70
2022-12-02,04:01:57,H,2.70,63.30
2022-12-02,04:02:07,H,2.70,63.20
2022-12-02,04:02:17,H,2.60,63.70
2022-12-02,04:02:27,H,2.60,64.60
2022-12-02,04:02:37,H,2.60,65.40
2022-12-02,04:02:47,H,2.60,65.80
2022-12-02,04:02:57,H,2.60,66.10
2022-12-02,04:03:07,H,2.60,66.30
2022-12-02,04:03:17,H,2.60,66.40
2022-12-02,04:03:27,H,2.70,66.60
2022-12-02,04:03:37,H,2.70,66.80
2022-12-02,04:03:47,H,2.70,66.10
2022-12-02,04:03:57,H,2.70,65.30
2022-12-02,04:04:07,H,2.70,64.70
2022-12-02,04:04:17,H,2.70,65.00
2022-12-02,04:04:27,H,2.60,65.00
2022-12-02,04:04:37,H,2.60,64.70
2022-12-02,04:04:47,H,2.60,64.30
2022-12-02,04:04:57,H,2.60,64.40
2022-12-02,04:05:07,H,2.60,64.60
2022-12-02,04:05:17,H,2.60,64.30
2022-12-02,04:05:27,H,2.60,64.00
2022-12-02,04:05:37,H,2.60,64.20
2022-12-02,04:05:47,H,2.60,64.70
2022-12-02,04:05:57,H,2.60,65.00
2022-12-02,04:06:07,H,2.60,65.40
2022-12-02,04:06:17,H,2.60,65.10
2022-12-02,04:06:27,H,2.60,64.60
2022-12-02,04:06:37,H,2.60,64.70
2022-12-02,04:06:47,H,2.60,64.80
2022-12-02,04:06:57,H,2.50,64.80
2022-12-02,04:07:07,H,2.50,64.80
2022-12-02,04:07:17,H,2.50,64.70
2022-12-02,04:07:27,H,2.50,64.60
2022-12-02,04:07:37,H,2.50,64.80
2022-12-02,04:07:47,H,2.50,64.80
2022-12-02,04:07:57,H,2.50,65.00
2022-12-02,04:08:07,H,2.50,65.30
2022-12-02,04:08:17,H,2.50,65.00
2022-12-02,04:08:27,H,2.50,65.20
2022-12-02,04:08:37,H,2.50,65.60
2022-12-02,04:08:47,H,2.50,65.80
2022-12-02,04:08:57,H,2.50,65.90
2022-12-02,04:09:07,H,2.50,65.70
2022-12-02,04:09:17,H,2.50,65.50
2022-12-02,04:09:27,H,2.50,65.80
2022-12-02,04:09:37,H,2.50,65.90
2022-12-02,04:09:47,H,2.50,65.90
2022-12-02,04:09:57,H,2.50,65.90
2022-12-02,04:10:07,H,2.50,65.70
2022-12-02,04:10:17,H,2.50,65.40
2022-12-02,04:10:27,H,2.50,65.40
2022-12-02,04:10:37,H,2.50,65.70
2022-12-02,04:10:47,H,2.50,66.20
2022-12-02,04:10:57,H,2.50,66.20
2022-12-02,04:11:17,H,2.50,66.40
2022-12-02,04:11:27,H,2.50,66.70
2022-12-02,04:11:37,H,2.50,66.80
2022-12-02,04:11:47,H,2.50,66.70
2022-12-02,04:11:57,H,2.50,66.50
2022-12-02,04:12:07,H,2.50,66.60
2022-12-02,04:12:17,H,2.50,66.80
2022-12-02,04:12:27,H,2.50,66.80
2022-12-02,04:12:37,H,2.50,66.80
2022-12-02,04:12:47,H,2.50,66.80
2022-12-02,04:12:57,H,2.50,66.50
2022-12-02,04:13:07,H,2.50,66.20
2022-12-02,04:13:17,H,2.60,65.80
2022-12-02,04:13:27,H,2.50,65.20
2022-12-02,04:13:37,H,2.50,64.60
2022-12-02,04:13:47,H,2.50,64.40
2022-12-02,04:13:57,H,2.50,64.30
2022-12-02,04:14:07,H,2.50,64.30
2022-12-02,04:14:17,H,2.50,64.50
2022-12-02,04:14:27,H,2.50,64.40
2022-12-02,04:14:37,H,2.50,64.20
2022-12-02,04:14:47,H,2.50,64.50
2022-12-02,04:14:57,H,2.50,65.20
2022-12-02,04:15:07,H,2.50,65.70
2022-12-02,04:15:17,H,2.50,65.70
2022-12-02,04:15:27,H,2.50,65.60
2022-12-02,04:15:37,H,2.50,66.00
2022-12-02,04:15:47,H,2.50,66.30
2022-12-02,04:15:57,H,2.50,66.50
2022-12-02,04:16:07,H,2.50,66.70
2022-12-02,04:16:17,H,2.50,66.70
2022-12-02,04:16:27,H,2.50,66.60
2022-12-02,04:16:37,H,2.50,66.70
2022-12-02,04:16:47,H,2.50,66.80
2022-12-02,04:16:57,H,2.50,66.90
2022-12-02,04:17:07,H,2.50,67.10
2022-12-02,04:17:17,H,2.50,67.10
2022-12-02,04:17:27,H,2.60,67.10
2022-12-02,04:17:37,H,2.50,67.10
2022-12-02,04:17:47,H,2.60,67.00
2022-12-02,04:17:57,H,2.60,67.10
2022-12-02,04:18:07,H,2.60,67.00
2022-12-02,04:18:17,H,2.60,67.00
2022-12-02,04:18:27,H,2.60,67.10
2022-12-02,04:18:37,H,2.60,67.10
2022-12-02,04:18:47,H,2.60,67.20
2022-12-02,04:18:57,H,2.60,67.20
2022-12-02,04:19:07,H,2.60,67.20
2022-12-02,04:19:17,H,2.60,67.10
2022-12-02,04:19:27,H,2.60,67.10
2022-12-02,04:19:37,H,2.60,67.10
2022-12-02,04:19:47,H,2.60,67.00
2022-12-02,04:19:57,H,2.60,67.00
2022-12-02,04:20:07,H,2.70,67.00
2022-12-02,04:20:17,H,2.70,67.00
2022-12-02,04:20:27,H,2.70,67.00
2022-12-02,04:20:37,H,2.70,67.00
2022-12-02,04:20:47,H,2.70,67.10
2022-12-02,04:20:57,H,2.70,67.10
2022-12-02,04:21:07,H,2.70,67.20
2022-12-02,04:21:17,H,2.70,67.20
2022-12-02,04:21:27,H,2.70,67.20
2022-12-02,04:21:37,H,2.70,67.30
2022-12-02,04:21:57,H,2.70,67.30
2022-12-02,04:22:07,H,2.70,67.20
2022-12-02,04:22:17,H,2.70,67.30
2022-12-02,04:22:27,H,2.70,67.20
2022-12-02,04:22:37,H,2.70,67.20
2022-12-02,04:22:47,H,2.70,66.70
2022-12-02,04:22:57,H,2.70,66.50
2022-12-02,04:23:07,H,2.70,66.70
2022-12-02,04:23:17,H,2.70,66.80
2022-12-02,04:23:27,H,2.70,67.00
2022-12-02,04:23:37,H,2.70,67.00
2022-12-02,04:23:47,H,2.70,67.10
2022-12-02,04:23:57,H,2.70,67.10
2022-12-02,04:24:07,H,2.70,67.10
2022-12-02,04:24:17,H,2.70,67.00
2022-12-02,04:24:27,H,2.70,67.00
2022-12-02,04:24:37,H,2.70,67.00
2022-12-02,04:24:47,H,2.70,67.10
2022-12-02,04:24:57,H,2.80,67.10
2022-12-02,04:25:07,H,2.70,67.20
2022-12-02,04:25:17,H,2.70,67.20
2022-12-02,04:25:27,H,2.80,67.20
2022-12-02,04:25:37,H,2.80,67.20
2022-12-02,04:25:47,H,2.70,67.10
2022-12-02,04:25:57,H,2.80,67.10
2022-12-02,04:26:07,H,2.80,67.00
2022-12-02,04:26:17,H,2.80,67.10
2022-12-02,04:26:27,H,2.80,67.10
2022-12-02,04:26:37,H,2.80,67.00
2022-12-02,04:26:47,H,2.80,66.50
2022-12-02,04:26:57,H,2.80,66.40
2022-12-02,04:27:07,H,2.80,66.00
2022-12-02,04:27:17,H,2.80,65.70
2022-12-02,04:27:27,H,2.80,65.60
2022-12-02,04:27:37,H,2.80,65.50
2022-12-02,04:27:47,H,2.70,65.70
2022-12-02,04:27:57,H,2.80,66.10
2022-12-02,04:28:07,H,2.70,66.50
2022-12-02,04:28:17,H,2.70,66.80
2022-12-02,04:28:27,H,2.80,67.00
2022-12-02,04:28:37,H,2.70,67.20
2022-12-02,04:28:47,H,2.80,67.30
2022-12-02,04:28:57,H,2.70,67.40
2022-12-02,04:29:07,H,2.80,67.40
2022-12-02,04:29:17,H,2.80,67.40
2022-12-02,04:29:27,H,2.80,67.40
2022-12-02,04:29:37,H,2.80,67.20
2022-12-02,04:29:47,H,2.80,67.10
2022-12-02,04:29:57,H,2.80,67.00
2022-12-02,04:30:07,H,2.80,67.00
2022-12-02,04:30:17,H,2.80,66.90
2022-12-02,04:30:27,H,2.80,66.90
2022-12-02,04:30:37,H,2.80,66.80
2022-12-02,04:30:47,H,2.80,66.80
2022-12-02,04:30:57,H,2.80,66.70
2022-12-02,04:31:07,H,2.80,66.50
2022-12-02,04:31:17,H,2.80,66.40
2022-12-02,04:31:27,H,2.80,66.30
2022-12-02,04:31:37,H,2.80,66.40
2022-12-02,04:31:47,H,2.80,66.40
2022-12-02,04:31:57,H,2.80,66.50
2022-12-02,04:32:07,H,2.80,66.50
2022-12-02,04:32:17,H,2.80,66.50
2022-12-02,04:32:27,H,2.80,66.50
2022-12-02,04:32:37,H,2.70,66.50
2022-12-02,04:32:47,H,2.80,66.30
2022-12-02,04:32:57,H,2.70,66.10
2022-12-02,04:33:07,H,2.70,65.90
2022-12-02,04:33:17,H,2.70,65.80
2022-12-02,04:33:27,H,2.70,66.00
2022-12-02,04:33:37,H,2.70,66.20
2022-12-02,04:33:47,H,2.70,66.30
2022-12-02,04:33:57,H,2.70,66.40
2022-12-02,04:34:07,H,2.70,66.40
2022-12-02,04:34:17,H,2.70,66.30
2022-12-02,04:34:27,H,2.70,66.20
2022-12-02,04:34:37,H,2.70,66.10
2022-12-02,04:34:47,H,2.70,65.80
2022-12-02,04:34:57,H,2.70,65.90
2022-12-02,04:35:07,H,2.70,66.20
2022-12-02,04:35:17,H,2.70,66.40
2022-12-02,04:35:27,H,2.70,66.50
2022-12-02,04:35:37,H,2.70,66.60
2022-12-02,04:35:47,H,2.70,66.70
2022-12-02,04:35:57,H,2.70,66.80
2022-12-02,04:36:07,H,2.70,66.90
2022-12-02,04:36:17,H,2.70,66.70
2022-12-02,04:36:27,H,2.70,65.90
2022-12-02,04:36:37,H,2.70,65.70
2022-12-02,04:36:47,H,2.70,65.90
2022-12-02,04:36:57,H,2.70,66.30
2022-12-02,04:37:07,H,2.70,66.50
2022-12-02,04:37:17,H,2.70,66.50
2022-12-02,04:37:27,H,2.70,66.70
2022-12-02,04:37:37,H,2.70,66.90
2022-12-02,04:37:47,H,2.70,67.00
2022-12-02,04:37:57,H,2.70,67.10
2022-12-02,04:38:07,H,2.70,67.10
2022-12-02,04:38:17,H,2.70,67.20
2022-12-02,04:38:27,H,2.70,67.20
2022-12-02,04:38:37,H,2.70,66.90
2022-12-02,04:38:47,H,2.70,66.70
2022-12-02,04:38:57,H,2.70,66.70
2022-12-02,04:39:07,H,2.70,66.60
2022-12-02,04:39:17,H,2.70,66.40
2022-12-02,04:39:27,H,2.70,66.30
2022-12-02,04:39:37,H,2.70,66.60
2022-12-02,04:39:47,H,2.70,66.70
2022-12-02,04:39:57,H,2.70,66.70
2022-12-02,04:40:07,H,2.70,66.70
2022-12-02,04:40:17,H,2.70,66.70
2022-12-02,04:40:27,H,2.70,66.70
2022-12-02,04:40:37,H,2.70,66.70
2022-12-02,04:40:47,H,2.70,66.60
2022-12-02,04:40:57,H,2.70,66.60
2022-12-02,04:41:07,H,2.70,66.60
2022-12-02,04:41:17,H,2.70,66.60
2022-12-02,04:41:27,H,2.70,66.50
2022-12-02,04:41:37,H,2.70,66.50
2022-12-02,04:41:47,H,2.70,66.50
2022-12-02,04:41:57,H,2.70,66.50
2022-12-02,04:42:07,H,2.70,66.40
2022-12-02,04:42:17,H,2.70,66.40
2022-12-02,04:42:27,H,2.70,66.40
2022-12-02,04:42:37,H,2.70,66.40
2022-12-02,04:42:47,H,2.70,66.40
2022-12-02,04:42:57,H,2.70,66.30
2022-12-02,04:43:07,H,2.70,66.30
2022-12-02,04:43:17,H,2.60,66.20
2022-12-02,04:43:27,H,2.60,66.10
2022-12-02,04:43:37,H,2.60,65.90
2022-12-02,04:43:47,H,2.60,65.90
2022-12-02,04:43:57,H,2.60,65.90
2022-12-02,04:44:07,H,2.60,65.40
2022-12-02,04:44:17,H,2.60,64.90
2022-12-02,04:44:27,H,2.60,64.80
2022-12-02,04:44:37,H,2.60,65.00
2022-12-02,04:44:47,H,2.50,64.90
2022-12-02,04:44:57,H,2.50,65.10
2022-12-02,04:45:07,H,2.50,65.40
2022-12-02,04:45:17,H,2.50,65.80
2022-12-02,04:45:27,H,2.50,66.10
2022-12-02,04:45:37,H,2.50,66.30
2022-12-02,04:45:47,H,2.50,66.20
2022-12-02,04:45:57,H,2.50,65.90
2022-12-02,04:46:07,H,2.50,65.80
2022-12-02,04:46:17,H,2.50,66.00
2022-12-02,04:46:27,H,2.50,66.20
2022-12-02,04:46:37,H,2.50,66.00
2022-12-02,04:46:47,H,2.50,65.90
2022-12-02,04:46:57,H,2.50,66.10
2022-12-02,04:47:07,H,2.50,66.30
2022-12-02,04:47:17,H,2.50,66.40
2022-12-02,04:47:27,H,2.50,66.50
2022-12-02,04:47:37,H,2.50,66.60
2022-12-02,04:47:47,H,2.50,66.70
2022-12-02,04:47:57,H,2.50,66.80
2022-12-02,04:48:07,H,2.50,66.80
2022-12-02,04:48:17,H,2.50,66.90
2022-12-02,04:48:27,H,2.50,66.90
2022-12-02,04:48:37,H,2.50,66.90
2022-12-02,04:48:47,H,2.50,66.90
2022-12-02,04:48:57,H,2.50,66.90
2022-12-02,04:49:07,H,2.50,66.90
2022-12-02,04:49:17,H,2.50,66.60
2022-12-02,04:49:27,H,2.50,65.90
2022-12-02,04:49:37,H,2.50,65.40
2022-12-02,04:49:47,H,2.50,65.50
2022-12-02,04:49:57,H,2.50,65.90
2022-12-02,04:50:07,H,2.50,66.30
2022-12-02,04:50:17,H,2.50,66.60
2022-12-02,04:50:27,H,2.50,66.80
2022-12-02,04:50:37,H,2.50,66.90
2022-12-02,04:50:47,H,2.50,66.90
2022-12-02,04:50:57,H,2.50,67.00
2022-12-02,04:51:07,H,2.50,67.00
2022-12-02,04:51:17,H,2.50,67.00
2022-12-02,04:51:27,H,2.50,67.00
2022-12-02,04:51:37,H,2.50,66.60
2022-12-02,04:51:47,H,2.50,66.50
2022-12-02,04:51:57,H,2.50,66.50
2022-12-02,04:52:07,H,2.50,66.70
2022-12-02,04:52:17,H,2.50,66.30
2022-12-02,04:52:27,H,2.50,65.60
2022-12-02,04:52:37,H,2.50,64.80
2022-12-02,04:52:47,H,2.50,64.30
2022-12-02,04:52:57,H,2.40,64.10
2022-12-02,04:53:07,H,2.40,64.10
2022-12-02,04:53:17,H,2.40,64.30
2022-12-02,04:53:27,H,2.40,64.90
2022-12-02,04:53:37,H,2.40,65.30
2022-12-02,04:53:47,H,2.40,65.70
2022-12-02,04:53:57,H,2.40,65.70
2022-12-02,04:54:07,H,2.40,65.40
2022-12-02,04:54:17,H,2.40,65.00
2022-12-02,04:54:27,H,2.30,64.90
2022-12-02,04:54:37,H,2.30,65.20
2022-12-02,04:54:47,H,2.30,65.40
2022-12-02,04:54:57,H,2.30,65.80
2022-12-02,04:55:07,H,2.30,66.10
2022-12-02,04:55:17,H,2.30,65.70
2022-12-02,04:55:27,H,2.30,65.40
2022-12-02,04:55:37,H,2.30,65.30
2022-12-02,04:55:47,H,2.30,65.30
2022-12-02,04:55:57,H,2.30,65.10
2022-12-02,04:56:07,H,2.30,65.30
2022-12-02,04:56:17,H,2.30,65.70
2022-12-02,04:56:27,H,2.30,66.00
2022-12-02,04:56:37,H,2.30,66.30
2022-12-02,04:56:47,H,2.30,66.60
2022-12-02,04:56:57,H,2.30,66.90
2022-12-02,04:57:07,H,2.30,67.10
2022-12-02,04:57:17,H,2.20,67.20
2022-12-02,04:57:27,H,2.30,67.40
2022-12-02,04:57:37,H,2.30,67.50
2022-12-02,04:57:47,H,2.30,67.60
2022-12-02,04:57:57,H,2.30,67.60
2022-12-02,04:58:07,H,2.30,67.60
2022-12-02,04:58:17,H,2.30,67.60
2022-12-02,04:58:27,H,2.30,67.60
2022-12-02,04:58:37,H,2.30,67.60
2022-12-02,04:58:47,H,2.30,67.60
2022-12-02,04:58:57,H,2.30,67.50
2022-12-02,04:59:07,H,2.30,67.40
2022-12-02,04:59:17,H,2.30,67.40
2022-12-02,04:59:27,H,2.30,67.30
2022-12-02,04:59:37,H,2.30,67.30
2022-12-02,04:59:47,H,2.30,67.30
2022-12-02,04:59:57,H,2.30,67.40
2022-12-02,05:00:07,H,2.30,67.40
2022-12-02,05:00:17,H,2.30,67.40
2022-12-02,05:00:27,H,2.40,67.50
2022-12-02,05:00:37,H,2.40,67.50
2022-12-02,05:00:47,H,2.30,67.40
2022-12-02,05:00:57,H,2.40,67.30
2022-12-02,05:01:07,H,2.40,67.10
2022-12-02,05:01:17,H,2.40,67.10
2022-12-02,05:01:27,H,2.40,67.20
2022-12-02,05:01:37,H,2.40,67.20
2022-12-02,05:01:47,H,2.40,67.30
2022-12-02,05:01:57,H,2.40,67.30
2022-12-02,05:02:07,H,2.40,67.30
2022-12-02,05:02:17,H,2.40,67.30
2022-12-02,05:02:27,H,2.40,67.30
2022-12-02,05:02:37,H,2.40,67.40
2022-12-02,05:02:47,H,2.40,67.30
2022-12-02,05:02:57,H,2.40,67.20
2022-12-02,05:03:07,H,2.40,67.30
2022-12-02,05:03:17,H,2.40,67.10
2022-12-02,05:03:27,H,2.40,66.80
2022-12-02,05:03:37,H,2.40,66.80
2022-12-02,05:03:47,H,2.40,66.80
2022-12-02,05:03:57,H,2.40,66.90
2022-12-02,05:04:07,H,2.40,66.70
2022-12-02,05:04:17,H,2.40,66.80
2022-12-02,05:04:27,H,2.40,66.70
2022-12-02,05:04:37,H,2.40,66.30
2022-12-02,05:04:47,H,2.40,66.40
2022-12-02,05:04:57,H,2.40,66.30
2022-12-02,05:05:07,H,2.40,65.80
2022-12-02,05:05:17,H,2.40,65.50
2022-12-02,05:05:27,H,2.40,65.80
2022-12-02,05:05:37,H,2.40,66.20
2022-12-02,05:05:47,H,2.40,66.50
2022-12-02,05:05:57,H,2.40,66.70
2022-12-02,05:06:07,H,2.40,66.90
2022-12-02,05:06:17,H,2.40,67.00
2022-12-02,05:06:27,H,2.40,67.20
2022-12-02,05:06:37,H,2.40,67.30
2022-12-02,05:06:47,H,2.40,66.90
2022-12-02,05:06:57,H,2.40,66.60
2022-12-02,05:07:07,H,2.40,66.60
2022-12-02,05:07:17,H,2.40,66.70
2022-12-02,05:07:27,H,2.40,66.70
2022-12-02,05:07:37,H,2.40,66.90
2022-12-02,05:07:47,H,2.40,67.00
2022-12-02,05:07:57,H,2.40,67.00
2022-12-02,05:08:07,H,2.40,66.70
2022-12-02,05:08:17,H,2.40,66.40
2022-12-02,05:08:27,H,2.40,66.00
2022-12-02,05:08:37,H,2.40,65.90
2022-12-02,05:08:47,H,2.40,66.10
2022-12-02,05:08:57,H,2.40,66.30
2022-12-02,05:09:07,H,2.40,66.40
2022-12-02,05:09:17,H,2.40,66.50
2022-12-02,05:09:27,H,2.40,66.50
2022-12-02,05:09:37,H,2.40,66.60
2022-12-02,05:09:47,H,2.40,66.90
2022-12-02,05:09:57,H,2.40,67.00
2022-12-02,05:10:07,H,2.40,67.10
2022-12-02,05:10:17,H,2.40,67.20
2022-12-02,05:10:27,H,2.40,67.00
2022-12-02,05:10:37,H,2.40,66.90
2022-12-02,05:10:47,H,2.40,67.00
2022-12-02,05:10:57,H,2.40,67.20
2022-12-02,05:11:07,H,2.40,67.30
2022-12-02,05:11:17,H,2.40,67.30
2022-12-02,05:11:27,H,2.40,67.30
2022-12-02,05:11:37,H,2.40,67.10
2022-12-02,05:11:47,H,2.40,67.10
2022-12-02,05:11:57,H,2.50,67.20
2022-12-02,05:12:07,H,2.50,67.20
2022-12-02,05:12:17,H,2.50,66.70
2022-12-02,05:12:27,H,2.50,66.00
2022-12-02,05:12:37,H,2.40,65.90
2022-12-02,05:12:47,H,2.40,66.10
2022-12-02,05:12:57,H,2.40,66.10
2022-12-02,05:13:07,H,2.40,65.80
2022-12-02,05:13:17,H,2.40,65.90
2022-12-02,05:13:27,H,2.40,66.00
2022-12-02,05:13:37,H,2.40,65.50
2022-12-02,05:13:47,H,2.40,65.20
2022-12-02,05:13:57,H,2.40,65.20
2022-12-02,05:14:07,H,2.40,65.60
2022-12-02,05:14:17,H,2.40,66.20
2022-12-02,05:14:27,H,2.40,66.70
2022-12-02,05:14:37,H,2.30,66.90
2022-12-02,05:14:47,H,2.30,67.10
2022-12-02,05:14:57,H,2.30,67.30
2022-12-02,05:15:07,H,2.40,67.50
2022-12-02,05:15:17,H,2.40,67.60
2022-12-02,05:15:27,H,2.40,67.70
2022-12-02,05:15:37,H,2.40,67.70
2022-12-02,05:15:47,H,2.40,67.70
2022-12-02,05:15:57,H,2.40,67.50
2022-12-02,05:16:07,H,2.40,67.10
2022-12-02,05:16:17,H,2.40,67.00
2022-12-02,05:16:27,H,2.40,67.10
2022-12-02,05:16:37,H,2.40,67.30
2022-12-02,05:16:47,H,2.40,67.40
2022-12-02,05:16:57,H,2.40,67.40
2022-12-02,05:17:07,H,2.40,67.50
2022-12-02,05:17:17,H,2.40,67.50
2022-12-02,05:17:27,H,2.40,67.60
2022-12-02,05:17:37,H,2.40,67.70
2022-12-02,05:17:47,H,2.40,67.70
2022-12-02,05:17:57,H,2.40,67.60
2022-12-02,05:18:07,H,2.40,67.70
2022-12-02,05:18:17,H,2.40,67.70
2022-12-02,05:18:27,H,2.40,67.70
2022-12-02,05:18:37,H,2.40,67.80
2022-12-02,05:18:47,H,2.40,67.80
2022-12-02,05:18:57,H,2.40,67.70
2022-12-02,05:19:07,H,2.40,67.70
2022-12-02,05:19:17,H,2.40,67.60
2022-12-02,05:19:27,H,2.40,67.50
2022-12-02,05:19:37,H,2.40,67.50
2022-12-02,05:19:47,H,2.40,67.50
2022-12-02,05:19:57,H,2.40,67.50
2022-12-02,05:20:07,H,2.40,67.60
2022-12-02,05:20:17,H,2.40,67.60
2022-12-02,05:20:27,H,2.40,67.60
2022-12-02,05:20:37,H,2.40,67.60
2022-12-02,05:20:47,H,2.40,67.70
2022-12-02,05:20:57,H,2.40,67.70
2022-12-02,05:21:07,H,2.40,67.70
2022-12-02,05:21:17,H,2.40,67.80
2022-12-02,05:21:27,H,2.40,67.80
2022-12-02,05:21:37,H,2.40,67.80
2022-12-02,05:21:47,H,2.40,67.80
2022-12-02,05:21:57,H,2.40,67.80
2022-12-02,05:22:07,H,2.40,67.80
2022-12-02,05:22:17,H,2.40,67.80
2022-12-02,05:22:27,H,2.40,67.80
2022-12-02,05:22:37,H,2.40,67.80
2022-12-02,05:22:47,H,2.40,67.80
2022-12-02,05:22:57,H,2.40,67.80
2022-12-02,05:23:07,H,2.50,67.80
2022-12-02,05:23:17,H,2.40,67.80
2022-12-02,05:23:27,H,2.40,67.80
2022-12-02,05:23:37,H,2.50,67.80
2022-12-02,05:23:47,H,2.50,67.80
2022-12-02,05:23:57,H,2.50,67.80
2022-12-02,05:24:07,H,2.50,67.80
2022-12-02,05:24:17,H,2.50,67.40
2022-12-02,05:24:27,H,2.40,66.90
2022-12-02,05:24:37,H,2.50,66.80
2022-12-02,05:24:47,H,2.50,67.00
2022-12-02,05:24:57,H,2.50,67.10
2022-12-02,05:25:07,H,2.50,67.30
2022-12-02,05:25:17,H,2.50,67.40
2022-12-02,05:25:27,H,2.50,67.60
2022-12-02,05:25:37,H,2.50,67.60
2022-12-02,05:25:47,H,2.50,67.60
2022-12-02,05:25:57,H,2.50,67.70
2022-12-02,05:26:07,H,2.50,67.70
2022-12-02,05:26:17,H,2.50,67.70
2022-12-02,05:26:27,H,2.50,67.80
2022-12-02,05:26:37,H,2.50,67.80
2022-12-02,05:26:47,H,2.50,67.80
2022-12-02,05:26:57,H,2.50,67.80
2022-12-02,05:27:07,H,2.50,67.80
2022-12-02,05:27:17,H,2.50,67.80
2022-12-02,05:27:27,H,2.50,67.80
2022-12-02,05:27:37,H,2.50,67.80
2022-12-02,05:27:47,H,2.50,67.80
2022-12-02,05:27:57,H,2.50,67.90
2022-12-02,05:28:07,H,2.50,67.90
2022-12-02,05:28:17,H,2.50,67.90
2022-12-02,05:28:27,H,2.50,67.90
2022-12-02,05:28:37,H,2.50,67.90
2022-12-02,05:28:47,H,2.50,67.90
2022-12-02,05:28:57,H,2.50,68.00
2022-12-02,05:29:07,H,2.50,68.00
2022-12-02,05:29:17,H,2.50,68.00
2022-12-02,05:29:27,H,2.50,67.90
2022-12-02,05:29:47,H,2.50,68.00
2022-12-02,05:29:57,H,2.50,67.90
2022-12-02,05:30:07,H,2.60,67.90
2022-12-02,05:30:17,H,2.50,67.90
2022-12-02,05:30:27,H,2.50,67.90
2022-12-02,05:30:37,H,2.60,67.90
2022-12-02,05:30:47,H,2.60,67.90
2022-12-02,05:30:57,H,2.60,67.90
2022-12-02,05:31:07,H,2.60,67.80
2022-12-02,05:31:17,H,2.60,67.80
2022-12-02,05:31:27,H,2.60,67.80
2022-12-02,05:31:37,H,2.60,67.80
2022-12-02,05:31:47,H,2.60,67.90
2022-12-02,05:31:57,H,2.60,67.90
2022-12-02,05:32:07,H,2.60,67.90
2022-12-02,05:32:17,H,2.60,67.90
2022-12-02,05:32:27,H,2.60,67.90
2022-12-02,05:32:37,H,2.60,67.80
2022-12-02,05:32:47,H,2.60,67.60
2022-12-02,05:32:57,H,2.60,67.50
2022-12-02,05:33:07,H,2.60,67.60
2022-12-02,05:33:17,H,2.60,67.70
2022-12-02,05:33:27,H,2.60,67.80
2022-12-02,05:33:37,H,2.60,67.80
2022-12-02,05:33:47,H,2.60,67.90
2022-12-02,05:33:57,H,2.60,67.90
2022-12-02,05:34:07,H,2.60,67.50
2022-12-02,05:34:17,H,2.60,67.00
2022-12-02,05:34:27,H,2.60,67.00
2022-12-02,05:34:37,H,2.60,67.20
2022-12-02,05:34:47,H,2.60,67.50
2022-12-02,05:34:57,H,2.60,67.70
2022-12-02,05:35:07,H,2.60,67.80
2022-12-02,05:35:17,H,2.60,67.90
2022-12-02,05:35:27,H,2.60,67.90
2022-12-02,05:35:37,H,2.60,68.00
2022-12-02,05:35:57,H,2.60,67.90
2022-12-02,05:36:07,H,2.60,67.60
2022-12-02,05:36:17,H,2.60,67.30
2022-12-02,05:36:27,H,2.60,67.20
2022-12-02,05:36:37,H,2.60,67.40
2022-12-02,05:36:47,H,2.60,67.50
2022-12-02,05:36:57,H,2.60,67.60
2022-12-02,05:37:07,H,2.60,67.70
2022-12-02,05:37:17,H,2.60,67.80
2022-12-02,05:37:27,H,2.60,67.80
2022-12-02,05:37:37,H,2.60,67.80
2022-12-02,05:37:47,H,2.60,67.70
2022-12-02,05:37:57,H,2.60,67.80
2022-12-02,05:38:07,H,2.60,67.90
2022-12-02,05:38:17,H,2.60,67.90
2022-12-02,05:38:27,H,2.60,67.80
2022-12-02,05:38:37,H,2.60,67.80
2022-12-02,05:38:47,H,2.60,67.90
2022-12-02,05:38:57,H,2.60,67.90
2022-12-02,05:39:07,H,2.60,68.00
2022-12-02,05:39:17,H,2.60,67.80
2022-12-02,05:39:27,H,2.60,67.10
2022-12-02,05:39:37,H,2.60,66.80
2022-12-02,05:39:47,H,2.60,66.60
2022-12-02,05:39:57,H,2.60,66.60
2022-12-02,05:40:07,H,2.60,66.70
2022-12-02,05:40:17,H,2.60,66.90
2022-12-02,05:40:27,H,2.60,67.10
2022-12-02,05:40:37,H,2.60,66.70
2022-12-02,05:40:47,H,2.60,66.40
2022-12-02,05:40:57,H,2.60,66.50
2022-12-02,05:41:07,H,2.60,66.60
2022-12-02,05:41:17,H,2.60,66.90
2022-12-02,05:41:27,H,2.60,67.20
2022-12-02,05:41:37,H,2.60,67.50
2022-12-02,05:41:47,H,2.60,67.60
2022-12-02,05:41:57,H,2.60,67.80
2022-12-02,05:42:07,H,2.60,67.90
2022-12-02,05:42:17,H,2.60,68.00
2022-12-02,05:42:27,H,2.60,68.00
2022-12-02,05:42:37,H,2.60,68.10
2022-12-02,05:42:47,H,2.60,68.10
2022-12-02,05:42:57,H,2.60,68.00
2022-12-02,05:43:07,H,2.60,68.10
2022-12-02,05:43:17,H,2.60,68.10
2022-12-02,05:43:27,H,2.60,68.10
2022-12-02,05:43:37,H,2.60,68.00
2022-12-02,05:43:47,H,2.60,68.00
2022-12-02,05:43:57,H,2.60,68.00
2022-12-02,05:44:07,H,2.60,68.00
2022-12-02,05:44:17,H,2.60,68.00
2022-12-02,05:44:27,H,2.60,68.10
2022-12-02,05:44:37,H,2.60,68.20
2022-12-02,05:44:47,H,2.60,68.10
2022-12-02,05:44:57,H,2.60,67.50
2022-12-02,05:45:07,H,2.60,66.70
2022-12-02,05:45:17,H,2.60,66.10
2022-12-02,05:45:27,H,2.60,65.40
2022-12-02,05:45:37,H,2.50,64.70
2022-12-02,05:45:47,H,2.50,64.20
2022-12-02,05:45:57,H,2.50,64.10
2022-12-02,05:46:07,H,2.50,64.30
2022-12-02,05:46:17,H,2.40,65.00
2022-12-02,05:46:27,H,2.40,66.00
2022-12-02,05:46:37,H,2.40,66.70
2022-12-02,05:46:47,H,2.40,67.30
2022-12-02,05:46:57,H,2.40,67.60
2022-12-02,05:47:07,H,2.40,67.90
2022-12-02,05:47:17,H,2.40,68.10
2022-12-02,05:47:27,H,2.40,68.20
2022-12-02,05:47:37,H,2.40,68.40
2022-12-02,05:47:47,H,2.40,68.40
2022-12-02,05:47:57,H,2.40,68.50
2022-12-02,05:48:07,H,2.40,68.50
2022-12-02,05:48:17,H,2.50,68.40
2022-12-02,05:48:27,H,2.40,68.50
2022-12-02,05:48:37,H,2.50,68.40
2022-12-02,05:48:47,H,2.50,68.40
2022-12-02,05:48:57,H,2.50,68.40
2022-12-02,05:49:07,H,2.50,68.50
2022-12-02,05:49:17,H,2.50,68.40
2022-12-02,05:49:27,H,2.50,68.50
2022-12-02,05:49:37,H,2.50,68.50
2022-12-02,05:49:47,H,2.50,68.50
2022-12-02,05:49:57,H,2.50,68.60
2022-12-02,05:50:07,H,2.50,68.60
2022-12-02,05:50:17,H,2.50,68.60
2022-12-02,05:50:27,H,2.50,68.60
2022-12-02,05:50:37,H,2.50,68.60
2022-12-02,05:50:47,H,2.50,68.60
2022-12-02,05:50:57,H,2.50,68.60
2022-12-02,05:51:07,H,2.60,68.60
2022-12-02,05:51:17,H,2.60,68.60
2022-12-02,05:51:27,H,2.60,68.60
2022-12-02,05:51:37,H,2.60,68.60
2022-12-02,05:51:47,H,2.60,68.60
2022-12-02,05:51:57,H,2.60,68.60
2022-12-02,05:52:07,H,2.60,68.60
2022-12-02,05:52:17,H,2.60,68.50
2022-12-02,05:52:27,H,2.60,68.50
2022-12-02,05:52:37,H,2.60,68.50
2022-12-02,05:52:47,H,2.60,68.50
2022-12-02,05:52:57,H,2.60,68.50
2022-12-02,05:53:07,H,2.60,68.50
2022-12-02,05:53:17,H,2.60,68.50
2022-12-02,05:53:27,H,2.60,68.50
2022-12-02,05:53:37,H,2.60,68.50
2022-12-02,05:53:47,H,2.60,68.60
2022-12-02,05:53:57,H,2.60,68.60
2022-12-02,05:54:07,H,2.60,68.60
2022-12-02,05:54:17,H,2.60,68.60
2022-12-02,05:54:27,H,2.60,68.60
2022-12-02,05:54:37,H,2.60,68.60
2022-12-02,05:54:47,H,2.60,68.60
2022-12-02,05:54:57,H,2.60,68.60
2022-12-02,05:55:07,H,2.60,68.60
2022-12-02,05:55:17,H,2.60,68.60
2022-12-02,05:55:27,H,2.60,68.60
2022-12-02,05:55:37,H,2.60,68.60
2022-12-02,05:55:47,H,2.60,68.60
2022-12-02,05:55:57,H,2.70,68.50
2022-12-02,05:56:07,H,2.60,68.50
2022-12-02,05:56:17,H,2.60,68.60
2022-12-02,05:56:27,H,2.60,68.60
2022-12-02,05:56:37,H,2.70,68.60
2022-12-02,05:56:47,H,2.60,68.60
2022-12-02,05:56:57,H,2.70,68.60
2022-12-02,05:57:07,H,2.70,68.60
2022-12-02,05:57:17,H,2.70,68.60
2022-12-02,05:57:27,H,2.70,68.60
2022-12-02,05:57:37,H,2.70,68.60
2022-12-02,05:57:47,H,2.70,68.60
2022-12-02,05:57:57,H,2.70,68.60
2022-12-02,05:58:07,H,2.70,68.60
2022-12-02,05:58:17,H,2.70,68.60
2022-12-02,05:58:27,H,2.70,68.60
2022-12-02,05:58:37,H,2.70,68.60
2022-12-02,05:58:47,H,2.70,68.70
2022-12-02,05:58:57,H,2.70,68.70
2022-12-02,05:59:07,H,2.70,68.70
2022-12-02,05:59:17,H,2.70,68.70
2022-12-02,05:59:27,H,2.70,68.70
2022-12-02,05:59:37,H,2.70,68.70
2022-12-02,05:59:47,H,2.70,68.70
2022-12-02,05:59:57,H,2.70,68.70
2022-12-02,06:00:07,H,2.70,68.70
2022-12-02,06:00:17,H,2.70,68.70
2022-12-02,06:00:27,H,2.70,68.70
2022-12-02,06:00:37,H,2.70,68.70
2022-12-02,06:00:47,H,2.70,68.70
2022-12-02,06:00:57,H,2.70,68.70
2022-12-02,06:01:07,H,2.70,68.70
2022-12-02,06:01:17,H,2.70,68.70
2022-12-02,06:01:27,H,2.70,68.70
2022-12-02,06:01:37,H,2.70,68.70
2022-12-02,06:01:47,H,2.70,68.70
2022-12-02,06:01:57,H,2.70,68.70
2022-12-02,06:02:07,H,2.70,68.70
2022-12-02,06:02:17,H,2.70,68.70
2022-12-02,06:02:27,H,2.70,68.70
2022-12-02,06:02:37,H,2.70,68.70
2022-12-02,06:02:47,H,2.70,68.70
2022-12-02,06:02:57,H,2.70,68.70
2022-12-02,06:03:07,H,2.70,68.70
2022-12-02,06:03:17,H,2.70,68.70
2022-12-02,06:03:27,H,2.70,68.80
2022-12-02,06:03:37,H,2.70,68.70
2022-12-02,06:03:47,H,2.70,68.80
2022-12-02,06:03:57,H,2.70,68.70
2022-12-02,06:04:07,H,2.70,68.80
2022-12-02,06:04:17,H,2.70,68.80
2022-12-02,06:04:27,H,2.70,68.80
2022-12-02,06:04:37,H,2.70,68.80
2022-12-02,06:04:47,H,2.70,68.80
2022-12-02,06:04:57,H,2.70,68.80
2022-12-02,06:05:07,H,2.70,68.80
2022-12-02,06:05:17,H,2.70,68.80
2022-12-02,06:05:27,H,2.70,68.80
2022-12-02,06:05:37,H,2.70,68.80
2022-12-02,06:05:47,H,2.70,68.80
2022-12-02,06:05:57,H,2.80,68.80
2022-12-02,06:06:07,H,2.70,68.80
2022-12-02,06:06:17,H,2.70,68.80
2022-12-02,06:06:27,H,2.70,68.80
2022-12-02,06:06:37,H,2.70,68.80
2022-12-02,06:06:47,H,2.80,68.80
2022-12-02,06:06:57,H,2.80,68.80
2022-12-02,06:07:07,H,2.70,68.70
2022-12-02,06:07:17,H,2.70,68.70
2022-12-02,06:07:27,H,2.80,68.70
2022-12-02,06:07:37,H,2.80,68.70
2022-12-02,06:07:47,H,2.80,68.60
2022-12-02,06:07:57,H,2.80,68.50
2022-12-02,06:08:07,H,2.80,68.50
2022-12-02,06:08:17,H,2.80,68.50
2022-12-02,06:08:27,H,2.80,68.50
2022-12-02,06:08:37,H,2.80,68.50
2022-12-02,06:08:47,H,2.80,68.50
2022-12-02,06:08:57,H,2.80,68.40
2022-12-02,06:09:07,H,2.80,68.40
2022-12-02,06:09:17,H,2.80,68.50
2022-12-02,06:09:27,H,2.80,68.50
2022-12-02,06:09:37,H,2.80,68.50
2022-12-02,06:09:47,H,2.80,68.60
2022-12-02,06:09:57,H,2.80,68.60
2022-12-02,06:10:07,H,2.80,68.60
2022-12-02,06:10:17,H,2.80,68.60
2022-12-02,06:10:27,H,2.80,68.60
2022-12-02,06:10:37,H,2.80,68.70
2022-12-02,06:10:47,H,2.80,68.70
2022-12-02,06:10:57,H,2.80,68.70
2022-12-02,06:11:07,H,2.80,68.70
2022-12-02,06:11:17,H,2.80,68.60
2022-12-02,06:11:27,H,2.80,68.60
2022-12-02,06:11:37,H,2.80,68.60
2022-12-02,06:11:47,H,2.80,68.70
2022-12-02,06:11:57,H,2.80,68.70
2022-12-02,06:12:07,H,2.80,68.70
2022-12-02,06:12:17,H,2.80,68.70
2022-12-02,06:12:27,H,2.80,68.70
2022-12-02,06:12:37,H,2.80,68.70
2022-12-02,06:12:47,H,2.80,68.70
2022-12-02,06:12:57,H,2.80,68.70
2022-12-02,06:13:07,H,2.80,68.70
2022-12-02,06:13:17,H,2.70,68.70
2022-12-02,06:13:27,H,2.80,68.70
2022-12-02,06:13:37,H,2.80,68.70
2022-12-02,06:13:47,H,2.80,68.70
2022-12-02,06:13:57,H,2.80,68.70
2022-12-02,06:14:07,H,2.80,68.80
2022-12-02,06:14:17,H,2.70,68.80
2022-12-02,06:14:27,H,2.70,68.80
2022-12-02,06:14:37,H,2.80,68.80
2022-12-02,06:14:47,H,2.80,68.80
2022-12-02,06:14:57,H,2.70,68.80
2022-12-02,06:15:07,H,2.70,68.80
2022-12-02,06:15:17,H,2.70,68.70
2022-12-02,06:15:27,H,2.70,68.70
2022-12-02,06:15:37,H,2.70,68.70
2022-12-02,06:15:47,H,2.70,68.60
2022-12-02,06:15:57,H,2.70,68.60
2022-12-02,06:16:07,H,2.70,68.50
2022-12-02,06:16:17,H,2.70,68.50
2022-12-02,06:16:27,H,2.70,68.50
2022-12-02,06:16:37,H,2.70,68.50
2022-12-02,06:16:47,H,2.70,68.40
2022-12-02,06:16:57,H,2.70,68.40
2022-12-02,06:17:07,H,2.70,68.30
2022-12-02,06:17:17,H,2.70,68.10
2022-12-02,06:17:27,H,2.70,68.10
2022-12-02,06:17:37,H,2.70,68.00
2022-12-02,06:17:47,H,2.60,68.00
2022-12-02,06:17:57,H,2.60,67.90
2022-12-02,06:18:07,H,2.60,67.80
2022-12-02,06:18:17,H,2.60,67.60
2022-12-02,06:18:27,H,2.60,67.50
2022-12-02,06:18:37,H,2.60,67.50
2022-12-02,06:18:47,H,2.60,67.50
2022-12-02,06:18:57,H,2.60,67.50
2022-12-02,06:19:07,H,2.60,67.50
2022-12-02,06:19:17,H,2.60,67.60
2022-12-02,06:19:27,H,2.60,67.70
2022-12-02,06:19:37,H,2.50,67.70
2022-12-02,06:19:47,H,2.60,67.80
2022-12-02,06:19:57,H,2.50,67.90
2022-12-02,06:20:07,H,2.50,67.90
2022-12-02,06:20:17,H,2.50,67.90
2022-12-02,06:20:27,H,2.50,67.90
2022-12-02,06:20:37,H,2.50,67.90
2022-12-02,06:20:47,H,2.50,67.80
2022-12-02,06:20:57,H,2.50,67.80
2022-12-02,06:21:07,H,2.50,67.70
2022-12-02,06:21:17,H,2.50,67.70
2022-12-02,06:21:27,H,2.50,67.60
2022-12-02,06:21:37,H,2.50,67.50
2022-12-02,06:21:47,H,2.50,67.50
2022-12-02,06:21:57,H,2.50,67.50
2022-12-02,06:22:07,H,2.50,67.50
2022-12-02,06:22:17,H,2.50,67.50
2022-12-02,06:22:27,H,2.50,67.50
2022-12-02,06:22:37,H,2.50,67.50
2022-12-02,06:22:47,H,2.50,67.50
2022-12-02,06:22:57,H,2.50,67.50
2022-12-02,06:23:07,H,2.40,67.40
2022-12-02,06:23:17,H,2.40,67.40
2022-12-02,06:23:27,H,2.40,67.30
2022-12-02,06:23:37,H,2.40,67.30
2022-12-02,06:23:47,H,2.40,67.20
2022-12-02,06:23:57,H,2.40,67.10
2022-12-02,06:24:07,H,2.40,67.10
2022-12-02,06:24:17,H,2.40,67.10
2022-12-02,06:24:27,H,2.40,67.10
2022-12-02,06:24:37,H,2.40,67.10
2022-12-02,06:24:47,H,2.30,67.20
2022-12-02,06:24:57,H,2.40,67.20
2022-12-02,06:25:07,H,2.30,67.10
2022-12-02,06:25:17,H,2.30,67.10
2022-12-02,06:25:27,H,2.30,67.10
2022-12-02,06:25:37,H,2.30,67.00
2022-12-02,06:25:47,H,2.30,67.00
2022-12-02,06:25:57,H,2.30,67.00
2022-12-02,06:26:07,H,2.30,67.00
2022-12-02,06:26:17,H,2.30,67.00
2022-12-02,06:26:27,H,2.30,67.00
2022-12-02,06:26:37,H,2.30,66.90
2022-12-02,06:26:47,H,2.20,66.90
2022-12-02,06:26:57,H,2.20,66.80
2022-12-02,06:27:07,H,2.20,66.70
2022-12-02,06:27:17,H,2.20,66.70
2022-12-02,06:27:27,H,2.20,66.60
2022-12-02,06:27:37,H,2.20,66.60
2022-12-02,06:27:47,H,2.20,66.60
2022-12-02,06:27:57,H,2.20,66.60
2022-12-02,06:28:07,H,2.20,66.50
2022-12-02,06:28:17,H,2.20,66.50
2022-12-02,06:28:27,H,2.20,66.50
2022-12-02,06:28:37,H,2.10,66.50
2022-12-02,06:28:47,H,2.10,66.50
2022-12-02,06:28:57,H,2.10,66.50
2022-12-02,06:29:07,H,2.10,66.50
2022-12-02,06:29:17,H,2.10,66.40
2022-12-02,06:29:27,H,2.10,66.30
2022-12-02,06:29:37,H,2.10,66.20
2022-12-02,06:29:47,H,2.10,66.10
2022-12-02,06:29:57,H,2.10,66.10
2022-12-02,06:30:07,H,2.10,66.10
2022-12-02,06:30:17,H,2.10,66.10
2022-12-02,06:30:27,H,2.00,66.10
2022-12-02,06:30:37,H,2.00,66.00
2022-12-02,06:30:47,H,2.00,65.90
2022-12-02,06:30:57,H,2.00,65.90
2022-12-02,06:31:07,H,2.00,65.90
2022-12-02,06:31:17,H,2.00,66.10
2022-12-02,06:31:27,H,2.00,66.10
2022-12-02,06:31:37,H,2.00,66.10
2022-12-02,06:31:47,H,2.00,66.10
2022-12-02,06:31:57,H,1.90,66.00
2022-12-02,06:32:07,H,1.90,66.00
2022-12-02,06:32:17,H,1.90,65.90
2022-12-02,06:32:27,H,1.90,65.90
2022-12-02,06:32:37,H,1.90,65.90
2022-12-02,06:32:47,H,1.90,66.00
2022-12-02,06:32:57,H,1.90,66.00
2022-12-02,06:33:07,H,1.90,65.90
2022-12-02,06:33:17,H,1.90,66.00
2022-12-02,06:33:27,H,1.90,66.00
2022-12-02,06:33:37,H,1.90,66.00
2022-12-02,06:33:47,H,1.80,66.00
2022-12-02,06:33:57,H,1.80,65.90
2022-12-02,06:34:07,H,1.80,65.90
2022-12-02,06:34:17,H,1.80,66.00
2022-12-02,06:34:27,H,1.80,66.00
2022-12-02,06:34:37,H,1.80,66.10
2022-12-02,06:34:47,H,1.80,66.10
2022-12-02,06:34:57,H,1.80,66.00
2022-12-02,06:35:07,H,1.80,66.00
2022-12-02,06:35:17,H,1.70,66.00
2022-12-02,06:35:27,H,1.70,66.00
2022-12-02,06:35:37,H,1.70,66.10
2022-12-02,06:35:47,H,1.70,66.10
2022-12-02,06:35:57,H,1.70,66.10
2022-12-02,06:36:07,H,1.70,66.10
2022-12-02,06:36:17,H,1.70,66.20
2022-12-02,06:36:27,H,1.70,66.20
2022-12-02,06:36:37,H,1.70,66.20
2022-12-02,06:36:47,H,1.70,66.30
2022-12-02,06:36:57,H,1.70,66.30
2022-12-02,06:37:07,H,1.70,66.20
2022-12-02,06:37:17,H,1.70,66.20
2022-12-02,06:37:27,H,1.70,66.20
2022-12-02,06:37:37,H,1.70,66.20
2022-12-02,06:37:47,H,1.70,66.10
2022-12-02,06:37:57,H,1.60,66.00
2022-12-02,06:38:07,H,1.60,66.00
2022-12-02,06:38:17,H,1.60,66.10
2022-12-02,06:38:27,H,1.60,66.10
2022-12-02,06:38:37,H,1.60,66.10
2022-12-02,06:38:47,H,1.60,66.10
2022-12-02,06:38:57,H,1.60,66.10
2022-12-02,06:39:07,H,1.60,66.10
2022-12-02,06:39:17,H,1.60,66.10
2022-12-02,06:39:27,H,1.60,66.00
2022-12-02,06:39:37,H,1.60,66.10
2022-12-02,06:39:47,H,1.60,66.10
2022-12-02,06:39:57,H,1.60,66.10
2022-12-02,06:40:07,H,1.60,66.20
2022-12-02,06:40:17,H,1.60,66.10
2022-12-02,06:40:27,H,1.60,66.10
2022-12-02,06:40:37,H,1.60,66.10
2022-12-02,06:40:47,H,1.60,66.10
2022-12-02,06:40:57,H,1.60,66.10
2022-12-02,06:41:07,H,1.60,66.10
2022-12-02,06:41:17,H,1.60,66.10
2022-12-02,06:41:27,H,1.60,66.10
2022-12-02,06:41:37,H,1.60,66.10
2022-12-02,06:41:47,H,1.60,66.10
2022-12-02,06:41:57,H,1.50,66.10
2022-12-02,06:42:07,H,1.50,66.20
2022-12-02,06:42:17,H,1.50,66.20
2022-12-02,06:42:27,H,1.50,66.20
2022-12-02,06:42:37,H,1.50,66.20
2022-12-02,06:42:47,H,1.50,66.20
2022-12-02,06:42:57,H,1.50,66.20
2022-12-02,06:43:07,H,1.50,66.20
2022-12-02,06:43:17,H,1.50,66.20
2022-12-02,06:43:27,H,1.50,66.20
2022-12-02,06:43:37,H,1.50,66.20
2022-12-02,06:43:47,H,1.50,66.10
2022-12-02,06:43:57,H,1.50,66.10
2022-12-02,06:44:07,H,1.50,66.10
2022-12-02,06:44:17,H,1.50,66.10
2022-12-02,06:44:27,H,1.50,66.10
2022-12-02,06:44:37,H,1.50,66.10
2022-12-02,06:44:47,H,1.50,66.10
2022-12-02,06:44:57,H,1.50,66.00
2022-12-02,06:45:07,H,1.50,66.00
2022-12-02,06:45:17,H,1.50,66.00
2022-12-02,06:45:27,H,1.50,65.90
2022-12-02,06:45:37,H,1.50,65.90
2022-12-02,06:45:47,H,1.50,65.90
2022-12-02,06:45:57,H,1.40,65.90
2022-12-02,06:46:07,H,1.50,65.90
2022-12-02,06:46:17,H,1.40,65.90
2022-12-02,06:46:27,H,1.40,65.90
2022-12-02,06:46:37,H,1.40,65.90
2022-12-02,06:46:47,H,1.40,65.80
2022-12-02,06:46:57,H,1.40,65.80
2022-12-02,06:47:07,H,1.40,65.80
2022-12-02,06:47:17,H,1.40,65.90
2022-12-02,06:47:27,H,1.40,65.90
2022-12-02,06:47:37,H,1.40,65.80
2022-12-02,06:47:47,H,1.40,65.70
2022-12-02,06:47:57,H,1.40,65.60
2022-12-02,06:48:07,H,1.40,65.60
2022-12-02,06:48:17,H,1.40,65.60
2022-12-02,06:48:27,H,1.40,65.70
2022-12-02,06:48:37,H,1.40,65.80
2022-12-02,06:48:47,H,1.40,65.90
2022-12-02,06:48:57,H,1.40,65.90
2022-12-02,06:49:07,H,1.40,65.90
2022-12-02,06:49:17,H,1.30,65.80
2022-12-02,06:49:27,H,1.30,65.80
2022-12-02,06:49:37,H,1.30,65.80
2022-12-02,06:49:47,H,1.30,65.80
2022-12-02,06:49:57,H,1.30,65.90
2022-12-02,06:50:07,H,1.30,65.90
2022-12-02,06:50:17,H,1.30,65.90
2022-12-02,06:50:27,H,1.30,65.90
2022-12-02,06:50:37,H,1.30,65.80
2022-12-02,06:50:47,H,1.30,65.70
2022-12-02,06:50:57,H,1.30,65.60
2022-12-02,06:51:07,H,1.30,65.50
2022-12-02,06:51:17,H,1.30,65.50
2022-12-02,06:51:27,H,1.30,65.70
2022-12-02,06:51:37,H,1.30,65.70
2022-12-02,06:51:47,H,1.30,65.80
2022-12-02,06:51:57,H,1.30,65.80
2022-12-02,06:52:07,H,1.30,65.70
2022-12-02,06:52:17,H,1.30,65.70
2022-12-02,06:52:27,H,1.30,65.60
2022-12-02,06:52:37,H,1.30,65.40
2022-12-02,06:52:47,H,1.30,65.30
2022-12-02,06:52:57,H,1.30,65.20
2022-12-02,06:53:07,H,1.30,65.20
2022-12-02,06:53:17,H,1.30,65.30
2022-12-02,06:53:27,H,1.30,65.30
2022-12-02,06:53:37,H,1.30,65.50
2022-12-02,06:53:47,H,1.20,65.60
2022-12-02,06:53:57,H,1.20,65.60
2022-12-02,06:54:07,H,1.20,65.60
2022-12-02,06:54:17,H,1.20,65.70
2022-12-02,06:54:27,H,1.20,65.70
2022-12-02,06:54:37,H,1.20,65.70
2022-12-02,06:54:47,H,1.20,65.70
2022-12-02,06:54:57,H,1.20,65.70
2022-12-02,06:55:07,H,1.20,65.70
2022-12-02,06:55:17,H,1.20,65.70
2022-12-02,06:55:27,H,1.20,65.70
2022-12-02,06:55:37,H,1.20,65.70
2022-12-02,06:55:47,H,1.20,65.70
2022-12-02,06:55:57,H,1.20,65.70
2022-12-02,06:56:07,H,1.20,65.70
2022-12-02,06:56:17,H,1.20,65.80
2022-12-02,06:56:27,H,1.20,65.80
2022-12-02,06:56:37,H,1.20,65.80
2022-12-02,06:56:47,H,1.20,65.80
2022-12-02,06:56:57,H,1.20,65.80
2022-12-02,06:57:07,H,1.20,65.80
2022-12-02,06:57:17,H,1.20,65.90
2022-12-02,06:57:27,H,1.20,66.00
2022-12-02,06:57:37,H,1.20,66.00
2022-12-02,06:57:47,H,1.30,66.10
2022-12-02,06:57:57,H,1.20,66.10
2022-12-02,06:58:07,H,1.20,66.20
2022-12-02,06:58:17,H,1.20,66.10
2022-12-02,06:58:27,H,1.20,66.10
2022-12-02,06:58:37,H,1.20,66.00
2022-12-02,06:58:47,H,1.20,66.00
2022-12-02,06:58:57,H,1.20,66.00
2022-12-02,06:59:07,H,1.20,66.00
2022-12-02,06:59:17,H,1.30,66.10
2022-12-02,06:59:27,H,1.20,66.10
2022-12-02,06:59:37,H,1.30,66.10
2022-12-02,06:59:47,H,1.30,66.20
2022-12-02,06:59:57,H,1.30,66.20
2022-12-02,07:00:07,H,1.30,66.20
2022-12-02,07:00:17,H,1.30,66.20
2022-12-02,07:00:27,H,1.30,66.20
2022-12-02,07:00:37,H,1.30,66.30
2022-12-02,07:00:47,H,1.30,66.30
2022-12-02,07:00:57,H,1.30,66.30
2022-12-02,07:01:07,H,1.30,66.30
2022-12-02,07:01:17,H,1.30,66.30
2022-12-02,07:01:27,H,1.30,66.30
2022-12-02,07:01:37,H,1.30,66.40
2022-12-02,07:01:47,H,1.30,66.40
2022-12-02,07:01:57,H,1.30,66.40
2022-12-02,07:02:07,H,1.30,66.40
2022-12-02,07:02:17,H,1.30,66.40
2022-12-02,07:02:27,H,1.30,66.40
2022-12-02,07:02:37,H,1.30,66.40
2022-12-02,07:02:47,H,1.30,66.40
2022-12-02,07:02:57,H,1.30,66.40
2022-12-02,07:03:07,H,1.30,66.40
2022-12-02,07:03:17,H,1.30,66.40
2022-12-02,07:03:27,H,1.30,66.40
2022-12-02,07:03:37,H,1.30,66.50
2022-12-02,07:03:47,H,1.30,66.50
2022-12-02,07:03:57,H,1.30,66.50
2022-12-02,07:04:07,H,1.30,66.50
2022-12-02,07:04:17,H,1.30,66.50
2022-12-02,07:04:27,H,1.30,66.50
2022-12-02,07:04:37,H,1.40,66.40
2022-12-02,07:04:47,H,1.40,66.30
2022-12-02,07:04:57,H,1.40,66.30
2022-12-02,07:05:07,H,1.40,66.20
2022-12-02,07:05:17,H,1.40,66.20
2022-12-02,07:05:27,H,1.40,66.20
2022-12-02,07:05:37,H,1.40,66.20
2022-12-02,07:05:47,H,1.40,66.20
2022-12-02,07:05:57,H,1.40,66.20
2022-12-02,07:06:07,H,1.40,66.20
2022-12-02,07:06:17,H,1.40,66.20
2022-12-02,07:06:27,H,1.40,66.20
2022-12-02,07:06:37,H,1.40,66.20
2022-12-02,07:06:47,H,1.40,66.30
2022-12-02,07:06:57,H,1.40,66.30
2022-12-02,07:07:07,H,1.40,66.20
2022-12-02,07:07:17,H,1.40,66.20
2022-12-02,07:07:27,H,1.40,66.20
2022-12-02,07:07:37,H,1.40,66.20
2022-12-02,07:07:47,H,1.40,66.20
2022-12-02,07:07:57,H,1.40,66.20
2022-12-02,07:08:07,H,1.40,66.30
2022-12-02,07:08:17,H,1.40,66.30
2022-12-02,07:08:27,H,1.40,66.20
2022-12-02,07:08:37,H,1.40,66.30
2022-12-02,07:08:47,H,1.40,66.30
2022-12-02,07:08:57,H,1.40,66.30
2022-12-02,07:09:07,H,1.40,66.30
2022-12-02,07:09:17,H,1.40,66.30
2022-12-02,07:09:27,H,1.40,66.20
2022-12-02,07:09:37,H,1.40,66.20
2022-12-02,07:09:47,H,1.40,66.10
2022-12-02,07:09:57,H,1.40,66.10
2022-12-02,07:10:07,H,1.40,66.10
2022-12-02,07:10:17,H,1.40,66.10
2022-12-02,07:10:27,H,1.40,66.00
2022-12-02,07:10:37,H,1.40,66.10
2022-12-02,07:10:47,H,1.40,66.10
2022-12-02,07:10:57,H,1.40,66.20
2022-12-02,07:11:07,H,1.40,66.20
2022-12-02,07:11:17,H,1.40,66.10
2022-12-02,07:11:27,H,1.40,66.00
2022-12-02,07:11:37,H,1.40,66.00
2022-12-02,07:11:47,H,1.40,66.00
2022-12-02,07:11:57,H,1.40,66.10
2022-12-02,07:12:07,H,1.40,66.10
2022-12-02,07:12:17,H,1.40,66.10
2022-12-02,07:12:27,H,1.40,66.10
2022-12-02,07:12:37,H,1.40,66.00
2022-12-02,07:12:47,H,1.40,66.00
2022-12-02,07:12:57,H,1.40,66.10
2022-12-02,07:13:07,H,1.40,66.10
2022-12-02,07:13:17,H,1.40,66.00
2022-12-02,07:13:27,H,1.40,66.00
2022-12-02,07:13:37,H,1.40,66.00
2022-12-02,07:13:47,H,1.40,66.00
2022-12-02,07:13:57,H,1.40,66.00
2022-12-02,07:14:07,H,1.40,66.00
2022-12-02,07:14:17,H,1.40,66.00
2022-12-02,07:14:27,H,1.40,65.90
2022-12-02,07:14:37,H,1.40,66.00
2022-12-02,07:14:47,H,1.40,66.00
2022-12-02,07:14:57,H,1.40,66.00
2022-12-02,07:15:07,H,1.40,66.00
2022-12-02,07:15:17,H,1.40,66.00
2022-12-02,07:15:27,H,1.30,66.10
2022-12-02,07:15:37,H,1.30,66.10
2022-12-02,07:15:47,H,1.30,66.00
2022-12-02,07:15:57,H,1.30,66.00
2022-12-02,07:16:07,H,1.30,66.00
2022-12-02,07:16:17,H,1.30,66.00
2022-12-02,07:16:27,H,1.30,66.10
2022-12-02,07:16:37,H,1.30,66.10
2022-12-02,07:16:47,H,1.30,66.10
2022-12-02,07:16:57,H,1.30,66.10
2022-12-02,07:17:07,H,1.30,66.10
2022-12-02,07:17:17,H,1.30,66.10
2022-12-02,07:17:27,H,1.30,66.20
2022-12-02,07:17:37,H,1.30,66.30
2022-12-02,07:17:47,H,1.30,66.30
2022-12-02,07:17:57,H,1.40,66.30
2022-12-02,07:18:07,H,1.30,66.30
2022-12-02,07:18:17,H,1.40,66.40
2022-12-02,07:18:27,H,1.40,66.40
2022-12-02,07:18:37,H,1.40,66.50
2022-12-02,07:18:47,H,1.40,66.60
2022-12-02,07:18:57,H,1.40,66.60
2022-12-02,07:19:07,H,1.40,66.60
2022-12-02,07:19:17,H,1.40,66.70
2022-12-02,07:19:27,H,1.40,66.70
2022-12-02,07:19:37,H,1.40,66.60
2022-12-02,07:19:47,H,1.40,66.60
2022-12-02,07:19:57,H,1.40,66.60
2022-12-02,07:20:07,H,1.40,66.60
2022-12-02,07:20:17,H,1.40,66.60
2022-12-02,07:20:27,H,1.40,66.60
2022-12-02,07:20:37,H,1.40,66.60
2022-12-02,07:20:47,H,1.40,66.50
2022-12-02,07:20:57,H,1.40,66.50
2022-12-02,07:21:07,H,1.40,66.50
2022-12-02,07:21:17,H,1.40,66.40
2022-12-02,07:21:27,H,1.40,66.40
2022-12-02,07:21:37,H,1.40,66.30
2022-12-02,07:21:47,H,1.40,66.10
2022-12-02,07:21:57,H,1.40,66.00
2022-12-02,07:22:07,H,1.40,65.90
2022-12-02,07:22:17,H,1.40,65.80
2022-12-02,07:22:27,H,1.40,65.90
2022-12-02,07:22:37,H,1.40,66.00
2022-12-02,07:22:47,H,1.40,66.00
2022-12-02,07:22:57,H,1.40,65.90
2022-12-02,07:23:07,H,1.40,65.80
2022-12-02,07:23:17,H,1.30,65.90
2022-12-02,07:23:27,H,1.40,66.00
2022-12-02,07:23:37,H,1.30,66.00
2022-12-02,07:23:47,H,1.30,66.00
2022-12-02,07:23:57,H,1.30,66.00
2022-12-02,07:24:07,H,1.30,66.10
2022-12-02,07:24:17,H,1.30,66.10
2022-12-02,07:24:27,H,1.30,66.10
2022-12-02,07:24:37,H,1.30,66.10
2022-12-02,07:24:47,H,1.30,66.10
2022-12-02,07:24:57,H,1.30,66.10
2022-12-02,07:25:07,H,1.30,66.10
2022-12-02,07:25:17,H,1.30,66.00
2022-12-02,07:25:27,H,1.30,66.00
2022-12-02,07:25:37,H,1.30,66.10
2022-12-02,07:25:47,H,1.30,66.10
2022-12-02,07:25:57,H,1.30,66.10
2022-12-02,07:26:07,H,1.30,66.10
2022-12-02,07:26:17,H,1.30,66.00
2022-12-02,07:26:27,H,1.30,66.00
2022-12-02,07:26:37,H,1.30,66.00
2022-12-02,07:26:47,H,1.30,66.00
2022-12-02,07:26:57,H,1.30,66.10
2022-12-02,07:27:07,H,1.30,66.10
2022-12-02,07:27:17,H,1.30,66.10
2022-12-02,07:27:27,H,1.30,66.00
2022-12-02,07:27:37,H,1.30,66.00
2022-12-02,07:27:47,H,1.30,66.00
2022-12-02,07:27:57,H,1.30,66.00
2022-12-02,07:28:07,H,1.30,66.00
2022-12-02,07:28:17,H,1.30,65.90
2022-12-02,07:28:27,H,1.30,65.90
2022-12-02,07:28:37,H,1.30,65.80
2022-12-02,07:28:47,H,1.30,65.90
2022-12-02,07:28:57,H,1.30,66.00
2022-12-02,07:29:07,H,1.30,66.00
2022-12-02,07:29:17,H,1.30,66.00
2022-12-02,07:29:27,H,1.30,66.00
2022-12-02,07:29:47,H,1.30,66.00
2022-12-02,07:29:57,H,1.30,66.00
2022-12-02,07:30:07,H,1.30,66.00
2022-12-02,07:30:17,H,1.30,65.90
2022-12-02,07:30:27,H,1.30,65.90
2022-12-02,07:30:37,H,1.30,66.00
2022-12-02,07:30:47,H,1.30,66.10
2022-12-02,07:30:57,H,1.30,66.10
2022-12-02,07:31:07,H,1.30,66.10
2022-12-02,07:31:17,H,1.30,66.00
2022-12-02,07:31:27,H,1.30,66.00
2022-12-02,07:31:37,H,1.30,66.10
2022-12-02,07:31:47,H,1.30,66.10
2022-12-02,07:31:57,H,1.30,66.10
2022-12-02,07:32:07,H,1.30,66.10
2022-12-02,07:32:17,H,1.30,66.00
2022-12-02,07:32:27,H,1.30,66.00
2022-12-02,07:32:37,H,1.20,66.10
2022-12-02,07:32:47,H,1.30,66.10
2022-12-02,07:32:57,H,1.30,66.00
2022-12-02,07:33:07,H,1.20,65.90
2022-12-02,07:33:17,H,1.20,65.90
2022-12-02,07:33:27,H,1.30,66.00
2022-12-02,07:33:37,H,1.20,66.10
2022-12-02,07:33:47,H,1.30,66.10
2022-12-02,07:33:57,H,1.20,66.10
2022-12-02,07:34:07,H,1.30,66.10
2022-12-02,07:34:17,H,1.20,66.10
2022-12-02,07:34:27,H,1.20,66.10
2022-12-02,07:34:37,H,1.20,66.10
2022-12-02,07:34:47,H,1.30,66.10
2022-12-02,07:34:57,H,1.30,66.10
2022-12-02,07:35:07,H,1.30,66.10
2022-12-02,07:35:17,H,1.20,66.00
2022-12-02,07:35:27,H,1.30,66.00
2022-12-02,07:35:37,H,1.30,66.00
2022-12-02,07:35:47,H,1.20,66.00
2022-12-02,07:35:57,H,1.20,66.10
2022-12-02,07:36:07,H,1.20,66.10
2022-12-02,07:36:17,H,1.20,66.10
2022-12-02,07:36:27,H,1.20,66.00
2022-12-02,07:36:37,H,1.30,66.00
2022-12-02,07:36:47,H,1.20,66.00
2022-12-02,07:36:57,H,1.20,65.90
2022-12-02,07:37:07,H,1.20,65.90
2022-12-02,07:37:17,H,1.20,65.90
2022-12-02,07:37:27,H,1.20,65.90
2022-12-02,07:37:37,H,1.20,65.90
2022-12-02,07:37:47,H,1.20,66.00
2022-12-02,07:37:57,H,1.20,66.00
2022-12-02,07:38:07,H,1.20,66.00
2022-12-02,07:38:17,H,1.20,65.90
2022-12-02,07:38:27,H,1.20,65.90
2022-12-02,07:38:37,H,1.20,66.00
2022-12-02,07:38:47,H,1.20,66.00
2022-12-02,07:38:57,H,1.20,66.00
2022-12-02,07:39:07,H,1.20,66.00
2022-12-02,07:39:17,H,1.20,66.00
2022-12-02,07:39:27,H,1.20,66.00
2022-12-02,07:39:37,H,1.20,66.00
2022-12-02,07:39:47,H,1.20,66.00
2022-12-02,07:39:57,H,1.20,66.00
2022-12-02,07:40:07,H,1.20,66.00
2022-12-02,07:40:17,H,1.20,66.00
2022-12-02,07:40:27,H,1.20,66.00
2022-12-02,07:40:37,H,1.20,66.00
2022-12-02,07:40:47,H,1.20,66.00
2022-12-02,07:40:57,H,1.20,65.90
2022-12-02,07:41:07,H,1.20,66.00
2022-12-02,07:41:17,H,1.20,66.00
2022-12-02,07:41:27,H,1.20,66.10
2022-12-02,07:41:37,H,1.20,66.00
2022-12-02,07:41:47,H,1.20,66.00
2022-12-02,07:41:57,H,1.20,66.00
2022-12-02,07:42:07,H,1.20,66.00
2022-12-02,07:42:17,H,1.20,66.00
2022-12-02,07:42:27,H,1.20,66.00
2022-12-02,07:42:37,H,1.20,66.00
2022-12-02,07:42:47,H,1.20,66.00
2022-12-02,07:42:57,H,1.20,66.00
2022-12-02,07:43:07,H,1.20,66.00
2022-12-02,07:43:17,H,1.20,65.90
2022-12-02,07:43:27,H,1.20,65.90
2022-12-02,07:43:37,H,1.20,65.90
2022-12-02,07:43:47,H,1.20,65.90
2022-12-02,07:43:57,H,1.20,65.90
2022-12-02,07:44:07,H,1.20,65.90
2022-12-02,07:44:17,H,1.20,66.10
2022-12-02,07:44:27,H,1.20,66.10
2022-12-02,07:44:37,H,1.20,66.10
2022-12-02,07:44:47,H,1.20,66.10
2022-12-02,07:44:57,H,1.20,66.10
2022-12-02,07:45:07,H,1.20,66.10
2022-12-02,07:45:17,H,1.20,66.00
2022-12-02,07:45:27,H,1.20,65.90
2022-12-02,07:45:37,H,1.20,65.90
2022-12-02,07:45:47,H,1.20,65.90
2022-12-02,07:45:57,H,1.20,65.90
2022-12-02,07:46:07,H,1.20,65.90
2022-12-02,07:46:17,H,1.20,66.00
2022-12-02,07:46:27,H,1.20,66.00
2022-12-02,07:46:37,H,1.20,66.10
2022-12-02,07:46:47,H,1.20,66.10
2022-12-02,07:46:57,H,1.20,66.10
2022-12-02,07:47:07,H,1.20,66.10
2022-12-02,07:47:17,H,1.20,66.10
2022-12-02,07:47:27,H,1.20,66.10
2022-12-02,07:47:37,H,1.20,66.20
2022-12-02,07:47:47,H,1.20,66.20
2022-12-02,07:47:57,H,1.20,66.20
2022-12-02,07:48:07,H,1.20,66.20
2022-12-02,07:48:17,H,1.20,66.20
2022-12-02,07:48:27,H,1.20,66.30
2022-12-02,07:48:37,H,1.20,66.40
2022-12-02,07:48:47,H,1.20,66.40
2022-12-02,07:48:57,H,1.20,66.40
2022-12-02,07:49:07,H,1.20,66.40
2022-12-02,07:49:17,H,1.20,66.40
2022-12-02,07:49:27,H,1.20,66.30
2022-12-02,07:49:37,H,1.20,66.40
2022-12-02,07:49:47,H,1.20,66.30
2022-12-02,07:49:57,H,1.20,66.30
2022-12-02,07:50:07,H,1.20,66.40
2022-12-02,07:50:17,H,1.20,66.40
2022-12-02,07:50:27,H,1.20,66.50
2022-12-02,07:50:37,H,1.20,66.60
2022-12-02,07:50:47,H,1.20,66.50
2022-12-02,07:50:57,H,1.20,66.50
2022-12-02,07:51:07,H,1.30,66.50
2022-12-02,07:51:17,H,1.30,66.60
2022-12-02,07:51:27,H,1.30,66.60
2022-12-02,07:51:37,H,1.30,66.60
2022-12-02,07:51:47,H,1.30,66.60
2022-12-02,07:51:57,H,1.30,66.60
2022-12-02,07:52:07,H,1.30,66.60
2022-12-02,07:52:17,H,1.30,66.60
2022-12-02,07:52:27,H,1.30,66.60
2022-12-02,07:52:37,H,1.30,66.60
2022-12-02,07:52:47,H,1.30,66.70
2022-12-02,07:52:57,H,1.30,66.70
2022-12-02,07:53:07,H,1.30,66.80
2022-12-02,07:53:17,H,1.30,66.80
2022-12-02,07:53:27,H,1.30,66.80
2022-12-02,07:53:37,H,1.30,66.90
2022-12-02,07:53:47,H,1.30,66.90
2022-12-02,07:53:57,H,1.30,66.90
2022-12-02,07:54:07,H,1.30,66.90
2022-12-02,07:54:17,H,1.30,66.90
2022-12-02,07:54:27,H,1.40,66.90
2022-12-02,07:54:37,H,1.40,66.90
2022-12-02,07:54:47,H,1.40,67.00
2022-12-02,07:54:57,H,1.40,67.20
2022-12-02,07:55:07,H,1.40,67.20
2022-12-02,07:55:17,H,1.40,67.30
2022-12-02,07:55:27,H,1.40,67.30
2022-12-02,07:55:37,H,1.40,67.40
2022-12-02,07:55:47,H,1.40,67.40
2022-12-02,07:55:57,H,1.40,67.50
2022-12-02,07:56:07,H,1.40,67.50
2022-12-02,07:56:17,H,1.40,67.50
2022-12-02,07:56:27,H,1.50,67.50
2022-12-02,07:56:37,H,1.40,67.50
2022-12-02,07:56:47,H,1.50,67.50
2022-12-02,07:56:57,H,1.50,67.50
2022-12-02,07:57:07,H,1.50,67.60
2022-12-02,07:57:17,H,1.50,67.60
2022-12-02,07:57:27,H,1.50,67.60
2022-12-02,07:57:37,H,1.50,67.70
2022-12-02,07:57:47,H,1.50,67.70
2022-12-02,07:57:57,H,1.50,67.70
2022-12-02,07:58:07,H,1.50,67.60
2022-12-02,07:58:17,H,1.50,67.60
2022-12-02,07:58:27,H,1.50,67.70
2022-12-02,07:58:37,H,1.60,67.70
2022-12-02,07:58:47,H,1.60,67.70
2022-12-02,07:58:57,H,1.60,67.70
2022-12-02,07:59:07,H,1.60,67.70
2022-12-02,07:59:17,H,1.60,67.80
2022-12-02,07:59:27,H,1.60,67.90
2022-12-02,07:59:37,H,1.60,68.00
2022-12-02,07:59:47,H,1.60,68.00
2022-12-02,07:59:57,H,1.60,68.00
2022-12-02,08:00:07,H,1.60,68.10
2022-12-02,08:00:17,H,1.60,68.20
2022-12-02,08:00:27,H,1.60,68.20
2022-12-02,08:00:37,H,1.70,68.20
2022-12-02,08:00:47,H,1.70,68.30
2022-12-02,08:00:57,H,1.70,68.40
2022-12-02,08:01:07,H,1.70,68.30
2022-12-02,08:01:17,H,1.70,68.30
2022-12-02,08:01:27,H,1.70,68.30
2022-12-02,08:01:37,H,1.70,68.30
2022-12-02,08:01:47,H,1.70,68.30
2022-12-02,08:01:57,H,1.70,68.40
2022-12-02,08:02:07,H,1.70,68.40
2022-12-02,08:02:17,H,1.80,68.50
2022-12-02,08:02:27,H,1.80,68.60
2022-12-02,08:02:37,H,1.80,68.60
2022-12-02,08:02:47,H,1.80,68.50
2022-12-02,08:02:57,H,1.80,68.40
2022-12-02,08:03:07,H,1.80,68.40
2022-12-02,08:03:17,H,1.80,68.40
2022-12-02,08:03:27,H,1.80,68.40
2022-12-02,08:03:37,H,1.80,68.40
2022-12-02,08:03:47,H,1.80,68.40
2022-12-02,08:03:57,H,1.90,68.40
2022-12-02,08:04:07,H,1.90,68.40
2022-12-02,08:04:17,H,1.90,68.50
2022-12-02,08:04:27,H,1.90,68.70
2022-12-02,08:04:37,H,1.90,68.80
2022-12-02,08:04:47,H,1.90,68.80
2022-12-02,08:04:57,H,1.90,68.80
2022-12-02,08:05:07,H,1.90,68.80
2022-12-02,08:05:17,H,1.90,68.90
2022-12-02,08:05:27,H,1.90,69.10
2022-12-02,08:05:37,H,2.00,69.20
2022-12-02,08:05:47,H,2.00,69.10
2022-12-02,08:05:57,H,2.00,69.00
2022-12-02,08:06:07,H,2.00,68.90
2022-12-02,08:06:17,H,2.00,69.00
2022-12-02,08:06:27,H,2.00,69.00
2022-12-02,08:06:37,H,2.00,69.00
2022-12-02,08:06:47,H,2.00,69.00
2022-12-02,08:06:57,H,2.00,69.10
2022-12-02,08:07:07,H,2.10,69.20
2022-12-02,08:07:17,H,2.10,69.30
2022-12-02,08:07:27,H,2.10,69.40
2022-12-02,08:07:37,H,2.10,69.40
2022-12-02,08:07:47,H,2.10,69.40
2022-12-02,08:07:57,H,2.10,69.40
2022-12-02,08:08:07,H,2.10,69.40
2022-12-02,08:08:17,H,2.10,69.40
2022-12-02,08:08:27,H,2.10,69.40
2022-12-02,08:08:37,H,2.10,69.40
2022-12-02,08:08:47,H,2.10,69.40
2022-12-02,08:08:57,H,2.20,69.40
2022-12-02,08:09:07,H,2.20,69.40
2022-12-02,08:09:17,H,2.20,69.50
2022-12-02,08:09:27,H,2.20,69.60
2022-12-02,08:09:37,H,2.20,69.60
2022-12-02,08:09:47,H,2.20,69.60
2022-12-02,08:09:57,H,2.20,69.60
2022-12-02,08:10:07,H,2.20,69.60
2022-12-02,08:10:17,H,2.20,69.70
2022-12-02,08:10:27,H,2.20,69.70
2022-12-02,08:10:37,H,2.20,69.60
2022-12-02,08:10:47,H,2.30,69.60
2022-12-02,08:10:57,H,2.30,69.60
2022-12-02,08:11:07,H,2.30,69.60
2022-12-02,08:11:17,H,2.30,69.60
2022-12-02,08:11:27,H,2.30,69.50
2022-12-02,08:11:37,H,2.30,69.50
2022-12-02,08:11:47,H,2.30,69.50
2022-12-02,08:11:57,H,2.40,69.50
2022-12-02,08:12:07,H,2.40,69.50
2022-12-02,08:12:17,H,2.40,69.50
2022-12-02,08:12:37,H,2.40,69.50
2022-12-02,08:12:47,H,2.40,69.50
2022-12-02,08:12:57,H,2.40,69.50
2022-12-02,08:13:07,H,2.40,69.40
2022-12-02,08:13:17,H,2.40,69.40
2022-12-02,08:13:27,H,2.50,69.30
2022-12-02,08:13:37,H,2.50,69.30
2022-12-02,08:13:47,H,2.50,69.40
2022-12-02,08:13:57,H,2.50,69.50
2022-12-02,08:14:07,H,2.50,69.50
2022-12-02,08:14:17,H,2.50,69.60
2022-12-02,08:14:27,H,2.50,69.60
2022-12-02,08:14:37,H,2.50,69.60
2022-12-02,08:14:47,H,2.50,69.60
2022-12-02,08:14:57,H,2.50,69.60
2022-12-02,08:15:07,H,2.60,69.70
2022-12-02,08:15:17,H,2.60,69.70
2022-12-02,08:15:27,H,2.60,69.80
2022-12-02,08:15:37,H,2.60,69.80
2022-12-02,08:15:47,H,2.60,69.90
2022-12-02,08:15:57,H,2.60,69.90
2022-12-02,08:16:07,H,2.60,69.80
2022-12-02,08:16:17,H,2.70,69.80
2022-12-02,08:16:27,H,2.70,69.80
2022-12-02,08:16:37,H,2.70,69.90
2022-12-02,08:16:47,H,2.70,69.80
2022-12-02,08:16:57,H,2.70,69.90
2022-12-02,08:17:07,H,2.70,69.90
2022-12-02,08:17:17,H,2.70,69.90
2022-12-02,08:17:27,H,2.80,69.90
2022-12-02,08:17:37,H,2.80,70.00
2022-12-02,08:17:47,H,2.80,70.00
2022-12-02,08:17:57,H,2.80,70.00
2022-12-02,08:18:07,H,2.80,70.00
2022-12-02,08:18:17,H,2.80,70.00
2022-12-02,08:18:27,H,2.80,69.90
2022-12-02,08:18:37,H,2.90,69.80
2022-12-02,08:18:47,H,2.90,69.80
2022-12-02,08:18:57,H,2.90,69.70
2022-12-02,08:19:07,H,2.90,69.80
2022-12-02,08:19:17,H,2.90,69.80
2022-12-02,08:19:27,H,2.90,69.80
2022-12-02,08:19:37,H,2.90,69.80
2022-12-02,08:19:47,H,2.90,69.70
2022-12-02,08:19:57,H,3.00,69.70
2022-12-02,08:20:07,H,3.00,69.40
2022-12-02,08:20:17,H,3.00,69.30
2022-12-02,08:20:27,H,3.00,69.30
2022-12-02,08:20:37,H,3.00,69.50
2022-12-02,08:20:47,H,3.00,69.60
2022-12-02,08:20:57,H,3.00,69.70
2022-12-02,08:21:07,H,3.00,69.70
2022-12-02,08:21:17,H,3.00,69.70
2022-12-02,08:21:27,H,3.00,69.70
2022-12-02,08:21:37,H,3.00,69.80
2022-12-02,08:21:47,H,3.10,69.80
2022-12-02,08:21:57,H,3.10,69.80
2022-12-02,08:22:07,H,3.10,69.90
2022-12-02,08:22:17,H,3.10,69.90
2022-12-02,08:22:27,H,3.10,69.90
2022-12-02,08:22:37,H,3.10,69.90
2022-12-02,08:22:47,H,3.10,69.80
2022-12-02,08:22:57,H,3.10,69.80
2022-12-02,08:23:07,H,3.10,69.80
2022-12-02,08:23:17,H,3.10,69.80
2022-12-02,08:23:27,H,3.20,69.80
2022-12-02,08:23:37,H,3.20,69.80
2022-12-02,08:23:47,H,3.20,69.80
2022-12-02,08:23:57,H,3.20,69.80
2022-12-02,08:24:07,H,3.20,69.80
2022-12-02,08:24:17,H,3.20,69.80
2022-12-02,08:24:27,H,3.20,69.80
2022-12-02,08:24:37,H,3.20,69.80
2022-12-02,08:24:47,H,3.20,69.80
2022-12-02,08:24:57,H,3.20,69.80
2022-12-02,08:25:07,H,3.30,69.70
2022-12-02,08:25:17,H,3.30,69.70
2022-12-02,08:25:27,H,3.30,69.70
2022-12-02,08:25:37,H,3.30,69.70
2022-12-02,08:25:47,H,3.30,69.70
2022-12-02,08:25:57,H,3.30,69.70
2022-12-02,08:26:07,H,3.30,69.70
2022-12-02,08:26:17,H,3.30,69.70
2022-12-02,08:26:27,H,3.30,69.70
2022-12-02,08:26:37,H,3.30,69.60
2022-12-02,08:26:47,H,3.40,69.60
2022-12-02,08:26:57,H,3.40,69.60
2022-12-02,08:27:07,H,3.40,69.60
2022-12-02,08:27:17,H,3.40,69.60
2022-12-02,08:27:27,H,3.40,69.60
2022-12-02,08:27:37,H,3.40,69.70
2022-12-02,08:27:47,H,3.40,69.50
2022-12-02,08:27:57,H,3.40,69.20
2022-12-02,08:28:07,H,3.40,68.40
2022-12-02,08:28:17,H,3.40,68.10
2022-12-02,08:28:27,H,3.40,67.40
2022-12-02,08:28:37,H,3.40,66.60
2022-12-02,08:28:47,H,3.40,66.30
2022-12-02,08:28:57,H,3.40,66.10
2022-12-02,08:29:07,H,3.40,66.00
2022-12-02,08:29:17,H,3.40,65.90
2022-12-02,08:29:27,H,3.30,65.50
2022-12-02,08:29:37,H,3.30,65.70
2022-12-02,08:29:47,H,3.30,65.90
2022-12-02,08:29:57,H,3.30,66.00
2022-12-02,08:30:07,H,3.30,66.70
2022-12-02,08:30:17,H,3.30,67.50
2022-12-02,08:30:27,H,3.30,67.60
2022-12-02,08:30:37,H,3.30,67.90
2022-12-02,08:30:47,H,3.30,68.50
2022-12-02,08:30:57,H,3.30,68.90
2022-12-02,08:31:07,H,3.30,69.20
2022-12-02,08:31:17,H,3.30,69.40
2022-12-02,08:31:27,H,3.30,69.50
2022-12-02,08:31:37,H,3.30,69.60
2022-12-02,08:31:47,H,3.40,69.60
2022-12-02,08:31:57,H,3.40,69.70
2022-12-02,08:32:07,H,3.40,69.60
2022-12-02,08:32:17,H,3.40,69.60
2022-12-02,08:32:27,H,3.40,69.60
2022-12-02,08:32:37,H,3.40,69.70
2022-12-02,08:32:47,H,3.50,69.60
2022-12-02,08:32:57,H,3.50,69.60
2022-12-02,08:33:07,H,3.50,69.60
2022-12-02,08:33:17,H,3.50,69.60
2022-12-02,08:33:27,H,3.50,69.60
2022-12-02,08:33:37,H,3.50,69.60
2022-12-02,08:33:47,H,3.50,69.50
2022-12-02,08:33:57,H,3.60,69.50
2022-12-02,08:34:07,H,3.60,69.50
2022-12-02,08:34:17,H,3.60,69.40
2022-12-02,08:34:27,H,3.60,69.40
2022-12-02,08:34:37,H,3.60,69.40
2022-12-02,08:34:47,H,3.60,69.40
2022-12-02,08:34:57,H,3.60,69.30
2022-12-02,08:35:07,H,3.60,69.40
2022-12-02,08:35:17,H,3.60,69.30
2022-12-02,08:35:27,H,3.60,69.30
2022-12-02,08:35:37,H,3.70,69.30
2022-12-02,08:35:47,H,3.70,69.30
2022-12-02,08:35:57,H,3.70,69.30
2022-12-02,08:36:07,H,3.70,69.20
2022-12-02,08:36:17,H,3.70,69.10
2022-12-02,08:36:27,H,3.70,69.00
2022-12-02,08:36:37,H,3.70,69.00
2022-12-02,08:36:47,H,3.80,69.00
2022-12-02,08:36:57,H,3.80,69.10
2022-12-02,08:37:07,H,3.80,69.10
2022-12-02,08:37:17,H,3.80,69.00
2022-12-02,08:37:27,H,3.80,69.10
2022-12-02,08:37:37,H,3.80,69.10
2022-12-02,08:37:47,H,3.80,69.20
2022-12-02,08:37:57,H,3.80,69.20
2022-12-02,08:38:07,H,3.80,69.10
2022-12-02,08:38:17,H,3.90,69.10
2022-12-02,08:38:27,H,3.90,69.10
2022-12-02,08:38:37,H,3.90,69.10
2022-12-02,08:38:47,H,3.90,69.10
2022-12-02,08:38:57,H,3.90,69.10
2022-12-02,08:39:07,H,3.90,69.10
2022-12-02,08:39:17,H,3.90,69.00
2022-12-02,08:39:27,H,3.90,69.00
2022-12-02,08:39:37,H,3.90,69.00
2022-12-02,08:39:47,H,4.00,69.00
2022-12-02,08:39:57,H,4.00,69.00
2022-12-02,08:40:07,H,4.00,69.00
2022-12-02,08:40:17,H,4.00,69.00
2022-12-02,08:40:27,H,4.00,69.00
2022-12-02,08:40:37,H,4.00,69.00
2022-12-02,08:40:47,H,4.00,69.00
2022-12-02,08:40:57,H,4.00,68.90
2022-12-02,08:41:07,H,4.00,68.90
2022-12-02,08:41:17,H,4.00,68.90
2022-12-02,08:41:27,H,4.10,68.90
2022-12-02,08:41:37,H,4.10,68.80
2022-12-02,08:41:47,H,4.10,68.80
2022-12-02,08:41:57,H,4.10,68.80
2022-12-02,08:42:07,H,4.10,68.80
2022-12-02,08:42:17,H,4.10,68.80
2022-12-02,08:42:27,H,4.10,68.80
2022-12-02,08:42:37,H,4.10,68.80
2022-12-02,08:42:47,H,4.10,68.80
2022-12-02,08:42:57,H,4.10,68.80
2022-12-02,08:43:07,H,4.20,68.80
2022-12-02,08:43:17,H,4.20,68.80
2022-12-02,08:43:27,H,4.20,68.70
2022-12-02,08:43:37,H,4.20,68.80
2022-12-02,08:43:47,H,4.20,68.80
2022-12-02,08:43:57,H,4.20,68.70
2022-12-02,08:44:07,H,4.20,68.80
2022-12-02,08:44:17,H,4.20,68.80
2022-12-02,08:44:27,H,4.20,68.80
2022-12-02,08:44:37,H,4.20,68.80
2022-12-02,08:44:47,H,4.30,68.80
2022-12-02,08:44:57,H,4.30,68.70
2022-12-02,08:45:07,H,4.30,68.70
2022-12-02,08:45:17,H,4.30,68.70
2022-12-02,08:45:27,H,4.30,68.70
2022-12-02,08:45:37,H,4.30,68.70
2022-12-02,08:45:47,H,4.30,68.70
2022-12-02,08:45:57,H,4.30,68.70
2022-12-02,08:46:07,H,4.30,68.70
2022-12-02,08:46:17,H,4.30,68.70
2022-12-02,08:46:27,H,4.30,68.70
2022-12-02,08:46:37,H,4.40,68.60
2022-12-02,08:46:47,H,4.40,68.60
2022-12-02,08:46:57,H,4.40,68.60
2022-12-02,08:47:07,H,4.40,68.60
2022-12-02,08:47:17,H,4.40,68.60
2022-12-02,08:47:27,H,4.40,68.50
2022-12-02,08:47:37,H,4.40,68.50
2022-12-02,08:47:47,H,4.40,68.50
2022-12-02,08:47:57,H,4.40,68.40
2022-12-02,08:48:07,H,4.40,68.40
2022-12-02,08:48:17,H,4.50,68.30
2022-12-02,08:48:27,H,4.50,68.20
2022-12-02,08:48:37,H,4.50,68.20
2022-12-02,08:48:47,H,4.50,68.10
2022-12-02,08:48:57,H,4.50,68.10
2022-12-02,08:49:07,H,4.50,68.10
2022-12-02,08:49:17,H,4.50,68.10
2022-12-02,08:49:27,H,4.50,68.10
2022-12-02,08:49:37,H,4.60,68.10
2022-12-02,08:49:47,H,4.60,68.10
2022-12-02,08:49:57,H,4.60,68.00
2022-12-02,08:50:07,H,4.60,68.00
2022-12-02,08:50:17,H,4.60,68.00
2022-12-02,08:50:27,H,4.60,68.00
2022-12-02,08:50:37,H,4.60,67.80
2022-12-02,08:50:47,H,4.60,67.30
2022-12-02,08:50:57,H,4.60,66.80
2022-12-02,08:51:07,H,4.60,67.00
2022-12-02,08:51:17,H,4.60,67.20
2022-12-02,08:51:27,H,4.60,67.40
2022-12-02,08:51:37,H,4.70,67.40
2022-12-02,08:51:47,H,4.70,67.40
2022-12-02,08:51:57,H,4.70,67.50
2022-12-02,08:52:07,H,4.70,67.50
2022-12-02,08:52:17,H,4.70,67.60
2022-12-02,08:52:27,H,4.70,67.60
2022-12-02,08:52:37,H,4.70,67.60
2022-12-02,08:52:47,H,4.70,67.60
2022-12-02,08:52:57,H,4.70,67.50
2022-12-02,08:53:07,H,4.70,67.40
2022-12-02,08:53:17,H,4.70,67.40
2022-12-02,08:53:27,H,4.70,67.30
2022-12-02,08:53:37,H,4.80,67.30
2022-12-02,08:53:47,H,4.80,67.30
2022-12-02,08:53:57,H,4.80,67.20
2022-12-02,08:54:07,H,4.80,67.10
2022-12-02,08:54:17,H,4.80,67.00
2022-12-02,08:54:27,H,4.80,67.00
2022-12-02,08:54:37,H,4.80,67.00
2022-12-02,08:54:47,H,4.80,67.00
2022-12-02,08:54:57,H,4.80,67.00
2022-12-02,08:55:07,H,4.80,66.90
2022-12-02,08:55:17,H,4.80,66.90
2022-12-02,08:55:27,H,4.80,66.90
2022-12-02,08:55:37,H,4.80,66.80
2022-12-02,08:55:47,H,4.80,66.70
2022-12-02,08:55:57,H,4.80,66.60
2022-12-02,08:56:07,H,4.80,66.60
2022-12-02,08:56:17,H,4.80,66.50
2022-12-02,08:56:27,H,4.80,66.50
2022-12-02,08:56:37,H,4.80,66.50
2022-12-02,08:56:47,H,4.80,66.40
2022-12-02,08:56:57,H,4.80,66.30
2022-12-02,08:57:07,H,4.80,66.10
2022-12-02,08:57:17,H,4.80,66.00
2022-12-02,08:57:27,H,4.80,66.00
2022-12-02,08:57:37,H,4.80,66.00
2022-12-02,08:57:47,H,4.80,65.90
2022-12-02,08:57:57,H,4.80,65.90
2022-12-02,08:58:07,H,4.80,65.90
2022-12-02,08:58:17,H,4.90,65.90
2022-12-02,08:58:27,H,4.90,65.80
2022-12-02,08:58:37,H,4.90,65.70
2022-12-02,08:58:47,H,4.90,65.70
2022-12-02,08:58:57,H,4.90,65.70
2022-12-02,08:59:07,H,4.90,65.60
2022-12-02,08:59:17,H,4.90,65.60
2022-12-02,08:59:27,H,4.80,65.60
2022-12-02,08:59:37,H,4.90,65.60
2022-12-02,08:59:47,H,4.90,65.60
2022-12-02,08:59:57,H,4.90,65.60
2022-12-02,09:00:07,H,4.90,65.50
2022-12-02,09:00:17,H,4.90,65.40
2022-12-02,09:00:27,H,4.90,65.40
2022-12-02,09:00:37,H,4.90,65.30
2022-12-02,09:00:47,H,4.90,65.30
2022-12-02,09:00:57,H,4.90,65.30
2022-12-02,09:01:07,H,4.90,65.20
2022-12-02,09:01:17,H,4.90,65.20
2022-12-02,09:01:27,H,4.90,65.20
2022-12-02,09:01:37,H,4.90,65.20
2022-12-02,09:01:47,H,4.90,65.20
2022-12-02,09:01:57,H,4.90,65.10
2022-12-02,09:02:07,H,4.90,65.20
2022-12-02,09:02:17,H,4.90,65.30
2022-12-02,09:02:27,H,4.90,65.30
2022-12-02,09:02:37,H,4.90,65.30
2022-12-02,09:02:47,H,4.90,65.30
2022-12-02,09:02:57,H,4.90,65.40
2022-12-02,09:03:07,H,4.90,65.40
2022-12-02,09:03:17,H,4.90,65.30
2022-12-02,09:03:27,H,4.90,65.20
2022-12-02,09:03:37,H,4.90,65.20
2022-12-02,09:03:47,H,4.90,65.10
2022-12-02,09:03:57,H,4.90,65.00
2022-12-02,09:04:07,H,4.90,65.00
2022-12-02,09:04:17,H,4.90,65.00
2022-12-02,09:04:27,H,4.90,65.00
2022-12-02,09:04:37,H,4.90,65.00
2022-12-02,09:04:47,H,4.90,65.00
2022-12-02,09:04:57,H,4.90,65.00
2022-12-02,09:05:07,H,4.90,65.10
2022-12-02,09:05:17,H,5.00,65.10
2022-12-02,09:05:27,H,5.00,65.20
2022-12-02,09:05:37,H,5.00,65.20
2022-12-02,09:05:47,H,5.00,65.20
2022-12-02,09:05:57,H,5.00,65.10
2022-12-02,09:06:07,H,5.00,65.20
2022-12-02,09:06:17,H,5.00,65.30
2022-12-02,09:06:27,H,5.00,65.30
2022-12-02,09:06:37,H,5.00,65.40
2022-12-02,09:06:47,H,5.00,65.40
2022-12-02,09:06:57,H,5.00,65.40
2022-12-02,09:07:07,H,5.00,65.40
2022-12-02,09:07:17,H,5.00,65.40
2022-12-02,09:07:27,H,5.00,65.20
2022-12-02,09:07:37,H,5.00,65.10
2022-12-02,09:07:47,H,5.00,65.00
2022-12-02,09:07:57,H,5.00,64.90
2022-12-02,09:08:07,H,5.10,64.80
2022-12-02,09:08:17,H,5.00,64.80
2022-12-02,09:08:27,H,5.10,64.70
2022-12-02,09:08:37,H,5.10,64.70
2022-12-02,09:08:47,H,5.10,64.70
2022-12-02,09:08:57,H,5.10,64.60
2022-12-02,09:09:07,H,5.10,64.60
2022-12-02,09:09:17,H,5.10,64.50
2022-12-02,09:09:27,H,5.10,64.60
2022-12-02,09:09:37,H,5.10,64.60
2022-12-02,09:09:47,H,5.10,64.60
2022-12-02,09:09:57,H,5.10,64.50
2022-12-02,09:10:07,H,5.10,64.40
2022-12-02,09:10:17,H,5.10,64.50
2022-12-02,09:10:27,H,5.10,64.60
2022-12-02,09:10:37,H,5.10,64.70
2022-12-02,09:10:47,H,5.10,64.80
2022-12-02,09:10:57,H,5.10,64.90
2022-12-02,09:11:07,H,5.10,64.90
2022-12-02,09:11:17,H,5.10,65.00
2022-12-02,09:11:27,H,5.10,64.90
2022-12-02,09:11:37,H,5.10,64.80
2022-12-02,09:11:47,H,5.10,64.70
2022-12-02,09:11:57,H,5.10,64.70
2022-12-02,09:12:07,H,5.20,64.80
2022-12-02,09:12:17,H,5.20,64.80
2022-12-02,09:12:27,H,5.20,64.80
2022-12-02,09:12:37,H,5.20,64.80
2022-12-02,09:12:47,H,5.20,64.80
2022-12-02,09:12:57,H,5.20,64.80
2022-12-02,09:13:07,H,5.20,64.80
2022-12-02,09:13:17,H,5.20,64.70
2022-12-02,09:13:27,H,5.20,64.70
2022-12-02,09:13:37,H,5.20,64.70
2022-12-02,09:13:47,H,5.20,64.80
2022-12-02,09:13:57,H,5.20,64.80
2022-12-02,09:14:07,H,5.20,64.80
2022-12-02,09:14:17,H,5.20,64.90
2022-12-02,09:14:27,H,5.30,64.80
2022-12-02,09:14:37,H,5.30,64.70
2022-12-02,09:14:47,H,5.30,64.60
2022-12-02,09:14:57,H,5.30,64.60
2022-12-02,09:15:07,H,5.30,64.50
2022-12-02,09:15:17,H,5.30,64.60
2022-12-02,09:15:27,H,5.30,64.60
2022-12-02,09:15:37,H,5.30,64.60
2022-12-02,09:15:47,H,5.30,64.50
2022-12-02,09:15:57,H,5.30,64.20
2022-12-02,09:16:07,H,5.30,63.60
2022-12-02,09:16:17,H,5.30,63.40
2022-12-02,09:16:27,H,5.30,63.50
2022-12-02,09:16:37,H,5.30,63.60
2022-12-02,09:16:47,H,5.30,63.60
2022-12-02,09:16:57,H,5.30,63.60
2022-12-02,09:17:07,H,5.30,63.40
2022-12-02,09:17:17,H,5.30,63.40
2022-12-02,09:17:27,H,5.30,63.60
2022-12-02,09:17:37,H,5.40,63.70
2022-12-02,09:17:47,H,5.40,63.90
2022-12-02,09:17:57,H,5.30,64.00
2022-12-02,09:18:07,H,5.40,64.20
2022-12-02,09:18:17,H,5.40,64.20
2022-12-02,09:18:27,H,5.40,64.20
2022-12-02,09:18:37,H,5.40,64.10
2022-12-02,09:18:47,H,5.40,64.10
2022-12-02,09:18:57,H,5.40,64.10
2022-12-02,09:19:07,H,5.40,64.00
2022-12-02,09:19:17,H,5.40,64.00
2022-12-02,09:19:27,H,5.40,63.90
2022-12-02,09:19:37,H,5.40,63.90
2022-12-02,09:19:47,H,5.40,63.90
2022-12-02,09:19:57,H,5.40,63.80
2022-12-02,09:20:07,H,5.40,63.50
2022-12-02,09:20:17,H,5.40,63.30
2022-12-02,09:20:27,H,5.40,63.50
2022-12-02,09:20:37,H,5.40,63.60
2022-12-02,09:20:47,H,5.40,63.60
2022-12-02,09:20:57,H,5.40,63.70
2022-12-02,09:21:07,H,5.40,63.80
2022-12-02,09:21:17,H,5.50,63.80
2022-12-02,09:21:27,H,5.50,63.70
2022-12-02,09:21:37,H,5.50,63.70
2022-12-02,09:21:47,H,5.50,63.70
2022-12-02,09:21:57,H,5.50,63.60
2022-12-02,09:22:07,H,5.50,63.60
2022-12-02,09:22:17,H,5.50,63.50
2022-12-02,09:22:27,H,5.50,63.50
2022-12-02,09:22:37,H,5.50,63.40
2022-12-02,09:22:47,H,5.50,63.40
2022-12-02,09:22:57,H,5.50,63.30
2022-12-02,09:23:07,H,5.50,63.30
2022-12-02,09:23:17,H,5.50,63.20
2022-12-02,09:23:27,H,5.50,63.20
2022-12-02,09:23:37,H,5.50,63.10
2022-12-02,09:23:47,H,5.50,63.10
2022-12-02,09:23:57,H,5.50,63.00
2022-12-02,09:24:07,H,5.50,63.00
2022-12-02,09:24:27,H,5.50,63.10
2022-12-02,09:24:37,H,5.50,63.20
2022-12-02,09:24:47,H,5.50,63.20
2022-12-02,09:24:57,H,5.50,63.30
2022-12-02,09:25:07,H,5.50,63.30
2022-12-02,09:25:17,H,5.50,63.30
2022-12-02,09:25:27,H,5.50,63.40
2022-12-02,09:25:37,H,5.50,63.40
2022-12-02,09:25:47,H,5.50,63.40
2022-12-02,09:25:57,H,5.50,63.40
2022-12-02,09:26:07,H,5.50,63.30
2022-12-02,09:26:17,H,5.60,63.20
2022-12-02,09:26:27,H,5.60,63.20
2022-12-02,09:26:37,H,5.60,63.10
2022-12-02,09:26:47,H,5.60,63.10
2022-12-02,09:26:57,H,5.60,63.00
2022-12-02,09:27:07,H,5.60,62.90
2022-12-02,09:27:17,H,5.60,62.80
2022-12-02,09:27:27,H,5.60,62.70
2022-12-02,09:27:37,H,5.60,62.60
2022-12-02,09:27:47,H,5.60,62.50
2022-12-02,09:27:57,H,5.60,62.40
2022-12-02,09:28:07,H,5.60,62.40
2022-12-02,09:28:17,H,5.60,62.30
2022-12-02,09:28:27,H,5.60,62.30
2022-12-02,09:28:37,H,5.60,62.20
2022-12-02,09:28:47,H,5.60,62.00
2022-12-02,09:28:57,H,5.60,62.00
2022-12-02,09:29:07,H,5.60,62.00
2022-12-02,09:29:17,H,5.60,62.10
2022-12-02,09:29:27,H,5.60,62.20
2022-12-02,09:29:37,H,5.60,62.40
2022-12-02,09:29:47,H,5.60,62.40
2022-12-02,09:29:57,H,5.60,62.40
2022-12-02,09:30:07,H,5.60,62.40
2022-12-02,09:30:17,H,5.60,62.40
2022-12-02,09:30:27,H,5.60,62.40
2022-12-02,09:30:37,H,5.60,62.30
2022-12-02,09:30:47,H,5.60,62.20
2022-12-02,09:30:57,H,5.60,62.20
2022-12-02,09:31:07,H,5.60,62.20
2022-12-02,09:31:17,H,5.60,62.20
2022-12-02,09:31:27,H,5.60,62.20
2022-12-02,09:31:37,H,5.60,62.20
2022-12-02,09:31:47,H,5.60,62.20
2022-12-02,09:31:57,H,5.60,62.20
2022-12-02,09:32:07,H,5.60,62.20
2022-12-02,09:32:17,H,5.60,62.20
2022-12-02,09:32:27,H,5.60,62.30
2022-12-02,09:32:37,H,5.60,62.30
2022-12-02,09:32:47,H,5.60,62.20
2022-12-02,09:32:57,H,5.60,62.00
2022-12-02,09:33:07,H,5.60,62.00
2022-12-02,09:33:17,H,5.60,62.10
2022-12-02,09:33:27,H,5.60,62.10
2022-12-02,09:33:37,H,5.60,62.20
2022-12-02,09:33:47,H,5.60,62.20
2022-12-02,09:33:57,H,5.60,62.20
2022-12-02,09:34:07,H,5.60,62.20
2022-12-02,09:34:17,H,5.70,62.20
2022-12-02,09:34:27,H,5.60,62.30
2022-12-02,09:34:37,H,5.60,61.90
2022-12-02,09:34:47,H,5.60,61.80
2022-12-02,09:34:57,H,5.60,61.90
2022-12-02,09:35:07,H,5.60,62.00
2022-12-02,09:35:17,H,5.60,62.10
2022-12-02,09:35:27,H,5.60,62.10
2022-12-02,09:35:37,H,5.60,62.20
2022-12-02,09:35:47,H,5.60,62.20
2022-12-02,09:35:57,H,5.70,62.20
2022-12-02,09:36:07,H,5.70,62.20
2022-12-02,09:36:17,H,5.70,62.30
2022-12-02,09:36:27,H,5.70,62.30
2022-12-02,09:36:37,H,5.70,62.30
2022-12-02,09:36:47,H,5.70,62.10
2022-12-02,09:36:57,H,5.70,62.00
2022-12-02,09:37:07,H,5.70,62.10
2022-12-02,09:37:17,H,5.70,62.00
2022-12-02,09:37:27,H,5.70,62.00
2022-12-02,09:37:37,H,5.70,61.90
2022-12-02,09:37:47,H,5.70,61.90
2022-12-02,09:37:57,H,5.70,61.90
2022-12-02,09:38:07,H,5.70,61.90
2022-12-02,09:38:17,H,5.70,61.90
2022-12-02,09:38:27,H,5.70,61.90
2022-12-02,09:38:37,H,5.70,62.00
2022-12-02,09:38:47,H,5.80,61.90
2022-12-02,09:38:57,H,5.70,61.90
2022-12-02,09:39:07,H,5.70,61.90
2022-12-02,09:39:17,H,5.80,62.00
2022-12-02,09:39:27,H,5.80,62.20
2022-12-02,09:39:37,H,5.80,62.30
2022-12-02,09:39:47,H,5.80,62.30
2022-12-02,09:39:57,H,5.80,62.40
2022-12-02,09:40:07,H,5.80,62.40
2022-12-02,09:40:17,H,5.80,62.50
2022-12-02,09:40:27,H,5.80,62.50
2022-12-02,09:40:37,H,5.80,62.60
2022-12-02,09:40:47,H,5.80,62.70
2022-12-02,09:40:57,H,5.80,62.70
2022-12-02,09:41:07,H,5.80,62.70
2022-12-02,09:41:17,H,5.80,62.80
2022-12-02,09:41:27,H,5.80,62.80
2022-12-02,09:41:37,H,5.90,62.80
2022-12-02,09:41:47,H,5.80,62.90
2022-12-02,09:41:57,H,5.90,62.40
2022-12-02,09:42:07,H,5.90,62.00
2022-12-02,09:42:17,H,5.90,61.80
2022-12-02,09:42:27,H,5.90,61.80
2022-12-02,09:42:37,H,5.90,61.80
2022-12-02,09:42:47,H,5.90,61.90
2022-12-02,09:42:57,H,5.90,62.00
2022-12-02,09:43:07,H,5.90,62.00
2022-12-02,09:43:17,H,5.90,62.00
2022-12-02,09:43:27,H,5.90,61.90
2022-12-02,09:43:37,H,5.90,62.00
2022-12-02,09:43:47,H,5.90,61.90
2022-12-02,09:43:57,H,5.90,61.70
2022-12-02,09:44:07,H,5.90,61.50
2022-12-02,09:44:17,H,5.90,61.50
2022-12-02,09:44:27,H,6.00,61.60
2022-12-02,09:44:37,H,5.90,61.70
2022-12-02,09:44:47,H,6.00,61.70
2022-12-02,09:44:57,H,6.00,61.80
2022-12-02,09:45:07,H,6.00,61.90
2022-12-02,09:45:17,H,6.00,62.00
2022-12-02,09:45:27,H,6.00,62.20
2022-12-02,09:45:37,H,6.00,62.10
2022-12-02,09:45:47,H,6.00,62.10
2022-12-02,09:46:07,H,6.00,61.90
2022-12-02,09:46:17,H,6.00,61.90
2022-12-02,09:46:27,H,6.00,61.90
2022-12-02,09:46:37,H,6.00,62.00
2022-12-02,09:46:47,H,6.00,62.00
2022-12-02,09:46:57,H,6.00,61.90
2022-12-02,09:47:17,H,6.00,61.80
2022-12-02,09:47:27,H,6.00,61.80
2022-12-02,09:47:37,H,6.00,61.80
2022-12-02,09:48:07,H,6.00,61.70
2022-12-02,09:48:17,H,6.00,61.60
2022-12-02,09:48:27,H,6.00,61.60
2022-12-02,09:48:47,H,6.00,61.50
2022-12-02,09:48:57,H,6.00,61.50
2022-12-02,09:49:07,H,6.00,61.40
2022-12-02,09:49:17,H,6.00,61.40
2022-12-02,09:49:27,H,6.00,61.40
2022-12-02,09:49:37,H,6.00,61.40
2022-12-02,09:49:47,H,6.00,61.40
2022-12-02,09:49:57,H,6.00,61.40
2022-12-02,09:50:07,H,6.00,61.40
2022-12-02,09:50:17,H,6.00,61.50
2022-12-02,09:50:27,H,6.00,61.40
2022-12-02,09:50:37,H,6.00,61.30
2022-12-02,09:50:47,H,6.00,61.30
2022-12-02,09:50:57,H,6.00,61.30
2022-12-02,09:51:07,H,6.00,61.20
2022-12-02,09:51:17,H,6.00,61.20
2022-12-02,09:51:27,H,6.00,60.70
2022-12-02,09:51:37,H,6.00,60.60
2022-12-02,09:51:47,H,6.00,60.60
2022-12-02,09:51:57,H,6.00,60.80
2022-12-02,09:52:07,H,6.00,60.90
2022-12-02,09:52:17,H,6.00,60.70
2022-12-02,09:52:37,H,6.00,60.80
2022-12-02,09:52:47,H,6.00,60.90
2022-12-02,09:52:57,H,6.00,60.50
2022-12-02,09:53:07,H,6.00,60.20
2022-12-02,09:53:37,H,6.00,60.10
2022-12-02,09:53:47,H,6.00,60.10
2022-12-02,09:53:57,H,6.00,60.10
2022-12-02,09:54:07,H,6.00,60.20
2022-12-02,09:54:47,H,6.00,60.30
2022-12-02,09:55:17,H,6.00,60.40
2022-12-02,09:55:27,H,6.00,60.30
2022-12-02,09:56:17,H,6.00,60.40
2022-12-02,09:56:37,H,6.00,60.50
2022-12-02,09:56:47,H,6.00,60.50
2022-12-02,09:56:57,H,6.00,60.40
2022-12-02,09:57:07,H,6.00,60.40
2022-12-02,09:57:17,H,6.00,60.30
2022-12-02,09:57:27,H,6.00,60.30
2022-12-02,09:57:37,H,6.00,60.30
2022-12-02,09:57:47,H,6.00,60.40
2022-12-02,09:57:57,H,6.00,60.40
2022-12-02,09:58:07,H,6.00,60.30
2022-12-02,09:58:17,H,6.00,60.30
2022-12-02,09:58:27,H,6.00,60.20
2022-12-02,09:59:37,H,6.00,60.10
2022-12-02,09:59:47,H,6.00,60.20
2022-12-02,10:00:27,H,6.00,60.20
2022-12-02,10:00:37,H,6.00,60.30
2022-12-02,10:00:47,H,6.00,60.30
2022-12-02,10:00:57,H,6.00,60.40
2022-12-02,10:01:07,H,6.00,60.30
2022-12-02,10:05:17,H,6.10,60.10
2022-12-02,10:05:27,H,6.10,60.20
2022-12-02,10:05:37,H,6.10,60.30
2022-12-02,10:05:47,H,6.10,60.30
2022-12-02,10:05:57,H,6.10,60.40
2022-12-02,10:06:07,H,6.10,60.30
2022-12-02,10:06:17,H,6.10,60.20
2022-12-02,10:07:37,H,6.20,60.10
2022-12-02,10:09:17,H,6.20,60.10
2022-12-02,10:09:27,H,6.20,60.20
2022-12-02,10:09:37,H,6.20,60.30
2022-12-02,10:09:47,H,6.30,60.40
2022-12-02,10:09:57,H,6.20,60.30
2022-12-02,10:10:07,H,6.20,60.20
2022-12-02,10:10:17,H,6.30,60.30
2022-12-02,10:10:27,H,6.30,60.40
2022-12-02,10:10:37,H,6.30,60.50
2022-12-02,10:10:47,H,6.30,60.60
2022-12-02,10:10:57,H,6.30,60.50
2022-12-02,10:11:07,H,6.30,60.50
2022-12-02,10:14:27,H,6.40,60.10
2022-12-02,10:14:37,H,6.40,60.30
2022-12-02,10:14:47,H,6.40,60.30
2022-12-02,10:14:57,H,6.40,60.30
2022-12-02,10:15:07,H,6.40,60.30
2022-12-02,10:15:17,H,6.40,60.20
2022-12-02,10:15:27,H,6.40,60.20
2022-12-02,10:15:37,H,6.50,60.20
2022-12-02,10:15:47,H,6.50,60.20
2022-12-02,10:15:57,H,6.50,60.10
2022-12-02,10:16:07,H,6.50,60.10
2022-12-02,10:30:57,H,6.80,60.20
2022-12-02,10:31:07,H,6.90,60.30
2022-12-02,10:31:17,H,6.90,60.20
2022-12-02,10:31:27,H,6.90,60.20
2022-12-02,10:31:37,H,6.80,60.10
2022-12-02,10:31:57,H,6.90,60.10
2022-12-02,17:49:17,H,6.60,60.20
2022-12-02,17:49:27,H,6.60,60.40
2022-12-02,17:49:37,H,6.60,60.50
2022-12-02,17:49:47,H,6.60,60.50
2022-12-02,17:49:57,H,6.60,60.40
2022-12-02,17:52:57,H,6.50,60.10
2022-12-02,17:53:07,H,6.60,60.10
2022-12-02,17:54:07,H,6.60,60.10
2022-12-02,17:54:17,H,6.60,60.30
2022-12-02,17:54:27,H,6.60,60.40
2022-12-02,17:54:37,H,6.60,60.60
2022-12-02,17:54:47,H,6.60,60.80
2022-12-02,17:54:57,H,6.60,60.80
2022-12-02,17:55:07,H,6.60,61.00
2022-12-02,17:55:17,H,6.60,61.00
2022-12-02,17:55:27,H,6.60,60.40
2022-12-02,17:55:37,H,6.60,60.40
2022-12-02,17:55:47,H,6.60,60.70
2022-12-02,17:55:57,H,6.60,60.90
2022-12-02,17:56:07,H,6.60,61.00
2022-12-02,17:56:17,H,6.60,61.10
2022-12-02,17:56:27,H,6.60,61.20
2022-12-02,17:56:37,H,6.60,61.20
2022-12-02,17:56:47,H,6.60,61.30
2022-12-02,17:56:57,H,6.60,61.30
2022-12-02,17:57:07,H,6.60,61.30
2022-12-02,17:57:17,H,6.60,61.30
2022-12-02,17:57:27,H,6.60,61.30
2022-12-02,17:57:37,H,6.60,61.30
2022-12-02,17:57:47,H,6.60,61.30
2022-12-02,17:57:57,H,6.60,61.30
2022-12-02,17:58:07,H,6.60,61.20
2022-12-02,17:58:17,H,6.70,61.20
2022-12-02,17:58:27,H,6.60,61.10
2022-12-02,17:58:37,H,6.60,61.10
2022-12-02,17:58:47,H,6.70,61.00
2022-12-02,17:58:57,H,6.70,61.00
2022-12-02,17:59:07,H,6.60,60.90
2022-12-02,17:59:17,H,6.60,60.90
2022-12-02,17:59:27,H,6.60,60.90
2022-12-02,17:59:37,H,6.60,60.90
2022-12-02,17:59:47,H,6.60,60.90
2022-12-02,17:59:57,H,6.60,60.90
2022-12-02,18:00:07,H,6.60,60.80
2022-12-02,18:00:17,H,6.60,60.80
2022-12-02,18:00:27,H,6.60,60.70
2022-12-02,18:00:37,H,6.60,60.60
2022-12-02,18:00:47,H,6.60,60.60
2022-12-02,18:00:57,H,6.60,60.50
2022-12-02,18:01:07,H,6.60,60.50
2022-12-02,18:01:17,H,6.60,60.50
2022-12-02,18:01:27,H,6.60,60.40
2022-12-02,18:01:37,H,6.60,60.40
2022-12-02,18:01:47,H,6.60,60.40
2022-12-02,18:01:57,H,6.60,60.40
2022-12-02,18:02:07,H,6.60,60.40
2022-12-02,18:02:17,H,6.60,60.40
2022-12-02,18:02:27,H,6.60,60.40
2022-12-02,18:02:37,H,6.60,60.40
2022-12-02,18:02:47,H,6.60,60.30
2022-12-02,18:02:57,H,6.60,60.30
2022-12-02,18:03:07,H,6.60,60.20
2022-12-02,18:03:17,H,6.60,60.20
2022-12-02,18:03:27,H,6.60,60.20
2022-12-02,18:03:37,H,6.60,60.20
2022-12-02,18:03:47,H,6.60,60.30
2022-12-02,18:03:57,H,6.60,60.20
2022-12-02,18:04:07,H,6.50,60.20
2022-12-02,18:04:17,H,6.60,60.20
2022-12-02,18:04:27,H,6.60,60.20
2022-12-02,18:04:37,H,6.50,60.10
2022-12-02,18:04:47,H,6.60,60.10
2022-12-02,18:04:57,H,6.50,60.10
2022-12-02,18:05:07,H,6.50,60.10
2022-12-02,18:06:07,H,6.50,60.10
2022-12-02,18:06:17,H,6.50,60.10
2022-12-02,18:06:27,H,6.50,60.10
2022-12-02,18:10:37,H,6.40,60.10
2022-12-02,18:10:47,H,6.40,60.10
2022-12-02,18:10:57,H,6.30,60.10
2022-12-02,18:12:47,H,6.30,60.10
2022-12-02,18:12:57,H,6.30,60.10
2022-12-02,18:14:17,H,6.20,60.10
2022-12-02,18:14:27,H,6.20,60.20
2022-12-02,18:14:37,H,6.20,60.20
2022-12-02,18:15:07,H,6.20,60.10
2022-12-02,18:15:17,H,6.20,60.40
2022-12-02,18:15:27,H,6.30,60.10
2022-12-02,18:16:27,H,6.20,60.40
2022-12-02,18:16:37,H,6.20,60.50
2022-12-02,18:16:47,H,6.20,60.60
2022-12-02,18:16:57,H,6.20,60.50
2022-12-02,18:17:07,H,6.20,60.40
2022-12-02,18:17:17,H,6.20,60.50
2022-12-02,18:17:27,H,6.20,60.60
2022-12-02,18:17:47,H,6.20,60.70
2022-12-02,18:17:57,H,6.20,60.80
2022-12-02,18:18:07,H,6.20,60.60
2022-12-02,18:18:17,H,6.20,60.10
2022-12-02,18:18:57,H,6.20,60.40
2022-12-02,18:19:07,H,6.20,60.70
2022-12-02,18:19:17,H,6.20,60.70
2022-12-02,18:19:27,H,6.20,60.50
2022-12-02,18:19:37,H,6.20,60.70
2022-12-02,18:19:47,H,6.20,60.90
2022-12-02,18:19:57,H,6.20,60.70
2022-12-02,18:20:07,H,6.20,60.60
2022-12-02,18:20:17,H,6.20,60.70
2022-12-02,18:20:27,H,6.20,60.90
2022-12-02,18:20:37,H,6.20,61.10
2022-12-02,18:20:47,H,6.20,61.10
2022-12-02,18:20:57,H,6.30,60.90
2022-12-02,18:21:07,H,6.20,60.70
2022-12-02,18:21:17,H,6.20,60.60
2022-12-02,18:21:27,H,6.30,60.10
2022-12-02,18:21:57,H,6.20,60.40
2022-12-02,18:22:07,H,6.20,60.70
2022-12-02,18:22:17,H,6.20,60.90
2022-12-02,18:22:27,H,6.30,60.90
2022-12-02,18:22:37,H,6.30,60.70
2022-12-02,18:22:47,H,6.20,60.10
2022-12-02,18:23:17,H,6.20,60.20
2022-12-02,18:23:27,H,6.20,60.60
2022-12-02,18:23:37,H,6.20,60.80
2022-12-02,18:23:47,H,6.20,61.00
2022-12-02,18:23:57,H,6.20,61.10
2022-12-02,18:24:07,H,6.20,61.30
2022-12-02,18:24:17,H,6.20,61.30
2022-12-02,18:24:27,H,6.20,60.90
2022-12-02,18:24:37,H,6.20,60.60
2022-12-02,18:24:47,H,6.20,60.40
2022-12-02,18:24:57,H,6.20,60.20
2022-12-02,18:25:07,H,6.20,60.40
2022-12-02,18:25:17,H,6.20,60.70
2022-12-02,18:25:27,H,6.20,61.00
2022-12-02,18:25:37,H,6.20,60.80
2022-12-02,18:25:47,H,6.20,60.10
2022-12-02,18:26:07,H,6.20,60.10
2022-12-02,18:26:17,H,6.20,60.70
2022-12-02,18:26:27,H,6.20,61.00
2022-12-02,18:26:37,H,6.20,61.10
2022-12-02,18:26:47,H,6.20,61.30
2022-12-02,18:26:57,H,6.20,61.50
2022-12-02,18:27:07,H,6.20,61.60
2022-12-02,18:27:17,H,6.20,61.20
2022-12-02,18:27:27,H,6.20,60.70
2022-12-02,18:27:37,H,6.20,60.80
2022-12-02,18:27:47,H,6.20,61.10
2022-12-02,18:27:57,H,6.20,61.40
2022-12-02,18:28:07,H,6.20,61.40
2022-12-02,18:28:17,H,6.20,61.20
2022-12-02,18:28:27,H,6.20,60.70
2022-12-02,18:28:37,H,6.20,60.40
2022-12-02,18:28:47,H,6.20,60.20
2022-12-02,18:29:17,H,6.20,60.10
2022-12-02,18:29:27,H,6.20,60.70
2022-12-02,18:29:37,H,6.20,60.80
2022-12-02,18:29:47,H,6.20,60.30
2022-12-02,18:29:57,H,6.20,60.70
2022-12-02,18:30:07,H,6.20,61.20
2022-12-02,18:30:17,H,6.20,61.40
2022-12-02,18:30:27,H,6.20,61.20
2022-12-02,18:30:37,H,6.20,60.80
2022-12-02,18:30:47,H,6.20,60.60
2022-12-02,18:30:57,H,6.20,60.30
2022-12-02,18:31:07,H,6.20,60.70
2022-12-02,18:31:17,H,6.20,61.20
2022-12-02,18:31:27,H,6.20,61.50
2022-12-02,18:31:37,H,6.20,61.60
2022-12-02,18:31:47,H,6.20,61.50
2022-12-02,18:31:57,H,6.20,61.10
2022-12-02,18:32:07,H,6.20,61.00
2022-12-02,18:32:17,H,6.20,60.80
2022-12-02,18:32:27,H,6.20,60.30
2022-12-02,18:33:07,H,6.20,60.40
2022-12-02,18:33:17,H,6.10,61.00
2022-12-02,18:33:27,H,6.10,61.00
2022-12-02,18:33:37,H,6.10,60.40
2022-12-02,18:33:47,H,6.10,60.10
2022-12-02,18:35:37,H,6.00,60.10
2022-12-02,18:35:47,H,6.00,60.40
2022-12-02,18:35:57,H,6.00,60.90
2022-12-02,18:36:07,H,6.00,61.20
2022-12-02,18:36:17,H,6.00,61.50
2022-12-02,18:36:27,H,6.00,61.80
2022-12-02,18:36:37,H,6.00,61.90
2022-12-02,18:36:47,H,6.10,61.60
2022-12-02,18:36:57,H,6.10,61.60
2022-12-02,18:37:07,H,6.00,61.80
2022-12-02,18:37:17,H,6.10,62.00
2022-12-02,18:37:27,H,6.00,61.90
2022-12-02,18:37:37,H,6.10,62.00
2022-12-02,18:37:47,H,6.10,62.00
2022-12-02,18:37:57,H,6.10,61.90
2022-12-02,18:38:07,H,6.10,61.70
2022-12-02,18:38:17,H,6.10,61.20
2022-12-02,18:38:27,H,6.10,60.40
2022-12-02,18:38:37,H,6.10,60.20
2022-12-02,18:38:47,H,6.10,60.30
2022-12-02,18:38:57,H,6.10,60.50
2022-12-02,18:39:47,H,6.00,60.60
2022-12-02,18:39:57,H,6.00,60.40
2022-12-02,18:40:07,H,6.00,60.40
2022-12-02,18:40:17,H,6.00,60.50
2022-12-02,18:40:27,H,6.00,61.10
2022-12-02,18:40:37,H,6.00,61.10
2022-12-02,18:40:47,H,6.00,60.40
2022-12-02,18:40:57,H,6.00,60.50
2022-12-02,18:41:07,H,6.00,60.20
2022-12-02,18:41:37,H,6.00,60.60
2022-12-02,18:41:47,H,6.00,60.90
2022-12-02,18:41:57,H,6.00,61.20
2022-12-02,18:42:07,H,6.00,61.40
2022-12-02,18:42:17,H,6.00,61.40
2022-12-02,18:42:27,H,6.00,61.30
2022-12-02,18:42:37,H,6.00,61.30
2022-12-02,18:42:47,H,6.00,61.70
2022-12-02,18:42:57,H,6.00,61.90
2022-12-02,18:43:07,H,6.00,61.70
2022-12-02,18:43:17,H,6.00,61.30
2022-12-02,18:43:27,H,6.00,61.20
2022-12-02,18:43:37,H,6.00,61.10
2022-12-02,18:43:47,H,6.00,60.60
2022-12-02,18:43:57,H,6.00,60.40
2022-12-02,18:45:17,H,5.90,60.20
2022-12-02,18:45:27,H,5.90,60.30
2022-12-02,18:45:37,H,5.90,60.80
2022-12-02,18:45:47,H,5.90,61.20
2022-12-02,18:45:57,H,5.90,61.20
2022-12-02,18:46:07,H,5.90,61.50
2022-12-02,18:46:17,H,5.90,61.30
2022-12-02,18:46:27,H,5.90,61.20
2022-12-02,18:46:37,H,5.90,61.20
2022-12-02,18:46:47,H,5.90,61.50
2022-12-02,18:46:57,H,5.90,61.70
2022-12-02,18:47:07,H,5.90,61.60
2022-12-02,18:47:17,H,5.90,61.40
2022-12-02,18:47:27,H,5.90,61.50
2022-12-02,18:47:37,H,5.90,61.60
2022-12-02,18:47:47,H,5.90,61.70
2022-12-02,18:47:57,H,5.90,61.20
2022-12-02,18:48:07,H,5.90,60.90
2022-12-02,18:48:17,H,5.90,60.80
2022-12-02,18:48:27,H,5.90,60.80
2022-12-02,18:48:37,H,5.90,60.80
2022-12-02,18:48:47,H,5.90,60.60
2022-12-02,18:48:57,H,5.90,60.10
2022-12-02,18:49:07,H,5.90,60.50
2022-12-02,18:49:17,H,5.90,60.90
2022-12-02,18:49:27,H,5.90,60.50
2022-12-02,18:50:17,H,5.90,60.10
2022-12-02,18:50:27,H,5.80,60.20
2022-12-02,18:50:37,H,5.80,60.40
2022-12-02,18:50:47,H,5.80,60.10
2022-12-02,18:51:17,H,5.80,60.30
2022-12-02,18:51:27,H,5.80,61.10
2022-12-02,18:51:37,H,5.80,61.40
2022-12-02,18:51:47,H,5.80,61.50
2022-12-02,18:51:57,H,5.80,61.60
2022-12-02,18:52:07,H,5.80,61.60
2022-12-02,18:52:17,H,5.80,61.70
2022-12-02,18:52:27,H,5.80,61.90
2022-12-02,18:52:37,H,5.80,62.00
2022-12-02,18:52:47,H,5.80,62.10
2022-12-02,18:52:57,H,5.90,62.00
2022-12-02,18:53:07,H,5.90,62.00
2022-12-02,18:53:17,H,5.80,62.10
2022-12-02,18:53:27,H,5.90,62.30
2022-12-02,18:53:37,H,5.90,62.30
2022-12-02,18:53:47,H,5.90,62.30
2022-12-02,18:53:57,H,5.90,62.30
2022-12-02,18:54:07,H,5.90,62.30
2022-12-02,18:54:17,H,5.90,62.30
2022-12-02,18:54:27,H,5.90,62.30
2022-12-02,18:54:37,H,5.90,62.40
2022-12-02,18:54:47,H,5.90,62.40
2022-12-02,18:54:57,H,5.90,62.40
2022-12-02,18:55:07,H,5.90,62.40
2022-12-02,18:55:17,H,5.90,62.40
2022-12-02,18:55:27,H,5.90,62.40
2022-12-02,18:55:37,H,5.90,62.40
2022-12-02,18:55:47,H,5.90,62.40
2022-12-02,18:55:57,H,5.90,62.50
2022-12-02,18:56:07,H,5.90,62.50
2022-12-02,18:56:17,H,5.90,62.50
2022-12-02,18:56:27,H,5.90,62.50
2022-12-02,18:56:37,H,5.90,62.60
2022-12-02,18:56:47,H,5.90,62.60
2022-12-02,18:56:57,H,5.90,62.70
2022-12-02,18:57:07,H,5.90,62.70
2022-12-02,18:57:17,H,5.90,62.70
2022-12-02,18:57:27,H,5.90,62.70
2022-12-02,18:57:37,H,5.90,62.70
2022-12-02,18:57:47,H,5.90,62.60
2022-12-02,18:57:57,H,5.90,62.70
2022-12-02,18:58:07,H,6.00,62.70
2022-12-02,18:58:17,H,5.90,62.70
2022-12-02,18:58:27,H,5.90,62.70
2022-12-02,18:58:37,H,6.00,62.60
2022-12-02,18:58:47,H,6.00,62.60
2022-12-02,18:58:57,H,6.00,62.70
2022-12-02,18:59:07,H,6.00,62.70
2022-12-02,18:59:17,H,6.00,62.80
2022-12-02,18:59:27,H,6.00,62.80
2022-12-02,18:59:37,H,6.00,62.80
2022-12-02,18:59:47,H,6.00,62.90
2022-12-02,18:59:57,H,6.00,62.90
2022-12-02,19:00:07,H,6.00,62.90
2022-12-02,19:00:17,H,6.00,62.90
2022-12-02,19:00:27,H,6.00,62.90
2022-12-02,19:00:37,H,6.00,62.90
2022-12-02,19:00:47,H,6.00,63.00
2022-12-02,19:00:57,H,6.00,63.00
2022-12-02,19:01:07,H,6.00,62.70
2022-12-02,19:01:17,H,6.00,61.40
2022-12-02,19:01:27,H,6.00,60.90
2022-12-02,19:01:37,H,6.00,61.10
2022-12-02,19:01:47,H,6.00,61.10
2022-12-02,19:01:57,H,6.00,61.00
2022-12-02,19:02:07,H,6.00,61.20
2022-12-02,19:02:17,H,6.00,61.40
2022-12-02,19:02:27,H,6.00,61.10
2022-12-02,19:02:37,H,5.90,61.60
2022-12-02,19:02:47,H,6.00,62.20
2022-12-02,19:02:57,H,6.00,62.50
2022-12-02,19:03:07,H,6.00,61.90
2022-12-02,19:03:17,H,6.00,61.50
2022-12-02,19:03:27,H,5.90,61.50
2022-12-02,19:03:37,H,5.90,61.20
2022-12-02,19:03:47,H,5.90,60.70
2022-12-02,19:03:57,H,5.90,60.50
2022-12-02,19:04:07,H,5.90,61.00
2022-12-02,19:04:17,H,5.90,61.10
2022-12-02,19:04:27,H,5.90,61.40
2022-12-02,19:04:37,H,5.90,61.00
2022-12-02,19:04:47,H,5.90,60.40
2022-12-02,19:06:37,H,5.80,60.10
2022-12-02,19:06:47,H,5.80,60.40
2022-12-02,19:06:57,H,5.80,60.40
2022-12-02,19:07:07,H,5.80,60.50
2022-12-02,19:07:17,H,5.80,60.60
2022-12-02,19:07:27,H,5.80,60.70
2022-12-02,19:07:37,H,5.80,60.70
2022-12-02,19:07:47,H,5.70,60.70
2022-12-02,19:07:57,H,5.80,61.30
2022-12-02,19:08:07,H,5.80,61.60
2022-12-02,19:08:17,H,5.70,61.70
2022-12-02,19:08:27,H,5.70,61.50
2022-12-02,19:08:37,H,5.70,61.50
2022-12-02,19:08:47,H,5.70,61.50
2022-12-02,19:08:57,H,5.70,61.40
2022-12-02,19:09:07,H,5.80,61.40
2022-12-02,19:09:17,H,5.70,61.40
2022-12-02,19:09:27,H,5.70,61.70
2022-12-02,19:09:37,H,5.70,61.60
2022-12-02,19:09:47,H,5.70,61.50
2022-12-02,19:09:57,H,5.70,61.80
2022-12-02,19:10:07,H,5.70,61.70
2022-12-02,19:10:17,H,5.70,61.30
2022-12-02,19:10:27,H,5.70,61.30
2022-12-02,19:10:37,H,5.80,61.50
2022-12-02,19:10:47,H,5.70,61.70
2022-12-02,19:10:57,H,5.70,62.00
2022-12-02,19:11:07,H,5.70,62.30
2022-12-02,19:11:17,H,5.70,62.50
2022-12-02,19:11:27,H,5.80,62.90
2022-12-02,19:11:37,H,5.80,63.10
2022-12-02,19:11:47,H,5.80,63.10
2022-12-02,19:11:57,H,5.80,63.00
2022-12-02,19:12:07,H,5.80,62.90
2022-12-02,19:12:17,H,5.80,63.10
2022-12-02,19:12:27,H,5.80,62.80
2022-12-02,19:12:37,H,5.80,63.00
2022-12-02,19:12:47,H,5.80,63.10
2022-12-02,19:12:57,H,5.80,63.20
2022-12-02,19:13:07,H,5.80,62.80
2022-12-02,19:13:17,H,5.80,62.40
2022-12-02,19:13:27,H,5.80,62.00
2022-12-02,19:13:37,H,5.80,62.20
2022-12-02,19:13:47,H,5.80,62.60
2022-12-02,19:13:57,H,5.80,62.40
2022-12-02,19:14:07,H,5.80,61.90
2022-12-02,19:14:17,H,5.80,62.30
2022-12-02,19:14:27,H,5.80,62.70
2022-12-02,19:14:37,H,5.80,62.70
2022-12-02,19:14:47,H,5.80,62.30
2022-12-02,19:14:57,H,5.80,62.10
2022-12-02,19:15:07,H,5.80,62.30
2022-12-02,19:15:17,H,5.80,62.30
2022-12-02,19:15:27,H,5.80,62.60
2022-12-02,19:15:37,H,5.80,62.90
2022-12-02,19:15:47,H,5.80,63.00
2022-12-02,19:15:57,H,5.80,63.20
2022-12-02,19:16:07,H,5.80,63.40
2022-12-02,19:16:17,H,5.80,63.20
2022-12-02,19:16:27,H,5.80,63.00
2022-12-02,19:16:37,H,5.90,63.00
2022-12-02,19:16:47,H,5.80,63.20
2022-12-02,19:16:57,H,5.80,63.40
2022-12-02,19:17:07,H,5.90,63.40
2022-12-02,19:17:17,H,5.90,63.40
2022-12-02,19:17:27,H,5.90,63.10
2022-12-02,19:17:37,H,5.90,62.70
2022-12-02,19:17:47,H,5.90,62.20
2022-12-02,19:17:57,H,5.90,61.90
2022-12-02,19:18:07,H,5.90,62.00
2022-12-02,19:18:17,H,5.90,62.10
2022-12-02,19:18:27,H,5.90,62.30
2022-12-02,19:18:37,H,5.90,62.60
2022-12-02,19:18:47,H,5.90,62.60
2022-12-02,19:18:57,H,5.80,62.90
2022-12-02,19:19:07,H,5.90,63.30
2022-12-02,19:19:17,H,5.90,63.40
2022-12-02,19:19:27,H,5.90,63.30
2022-12-02,19:19:37,H,5.90,63.40
2022-12-02,19:19:47,H,5.90,63.50
2022-12-02,19:19:57,H,5.90,63.60
2022-12-02,19:20:07,H,5.90,63.50
2022-12-02,19:20:17,H,5.90,63.40
2022-12-02,19:20:27,H,5.90,63.50
2022-12-02,19:20:37,H,5.90,63.10
2022-12-02,19:20:47,H,5.90,62.50
2022-12-02,19:20:57,H,5.90,62.00
2022-12-02,19:21:07,H,5.90,61.50
2022-12-02,19:21:17,H,5.90,61.70
2022-12-02,19:21:27,H,5.90,62.40
2022-12-02,19:21:37,H,5.90,63.00
2022-12-02,19:21:47,H,5.90,63.30
2022-12-02,19:21:57,H,5.90,63.50
2022-12-02,19:22:07,H,5.90,63.60
2022-12-02,19:22:17,H,5.90,63.70
2022-12-02,19:22:27,H,5.90,63.80
2022-12-02,19:22:37,H,5.90,63.80
2022-12-02,19:22:47,H,5.90,63.00
2022-12-02,19:22:57,H,5.90,62.60
2022-12-02,19:23:07,H,5.90,62.90
2022-12-02,19:23:17,H,5.90,63.20
2022-12-02,19:23:27,H,5.90,62.90
2022-12-02,19:23:37,H,5.90,62.80
2022-12-02,19:23:47,H,5.90,63.00
2022-12-02,19:23:57,H,5.90,63.20
2022-12-02,19:24:07,H,5.90,63.40
2022-12-02,19:24:17,H,5.90,63.50
2022-12-02,19:24:27,H,5.90,63.30
2022-12-02,19:24:37,H,5.90,62.60
2022-12-02,19:24:47,H,5.90,62.70
2022-12-02,19:24:57,H,5.90,63.10
2022-12-02,19:25:07,H,5.90,63.40
2022-12-02,19:25:17,H,5.90,63.60
2022-12-02,19:25:27,H,5.90,63.80
2022-12-02,19:25:37,H,5.90,63.90
2022-12-02,19:25:47,H,5.90,63.90
2022-12-02,19:25:57,H,5.90,64.00
2022-12-02,19:26:07,H,5.90,63.60
2022-12-02,19:26:17,H,5.90,63.20
2022-12-02,19:26:27,H,5.90,62.60
2022-12-02,19:26:37,H,5.90,62.10
2022-12-02,19:26:47,H,5.90,61.90
2022-12-02,19:26:57,H,5.90,61.80
2022-12-02,19:27:07,H,5.90,62.50
2022-12-02,19:27:17,H,5.90,62.60
2022-12-02,19:27:27,H,5.90,62.40
2022-12-02,19:27:37,H,5.90,62.50
2022-12-02,19:27:47,H,5.90,62.10
2022-12-02,19:27:57,H,5.90,61.60
2022-12-02,19:28:07,H,5.90,61.70
2022-12-02,19:28:17,H,5.90,61.50
2022-12-02,19:28:27,H,5.90,61.50
2022-12-02,19:28:37,H,5.80,61.70
2022-12-02,19:28:47,H,5.80,61.30
2022-12-02,19:28:57,H,5.80,61.30
2022-12-02,19:29:07,H,5.80,61.60
2022-12-02,19:29:17,H,5.80,61.50
2022-12-02,19:29:27,H,5.80,61.20
2022-12-02,19:29:37,H,5.80,61.10
2022-12-02,19:29:47,H,5.80,61.80
2022-12-02,19:29:57,H,5.80,62.00
2022-12-02,19:30:07,H,5.80,62.00
2022-12-02,19:30:17,H,5.80,62.20
2022-12-02,19:30:27,H,5.80,62.60
2022-12-02,19:30:37,H,5.80,62.40
2022-12-02,19:30:57,H,5.80,63.00
2022-12-02,19:31:07,H,5.80,63.00
2022-12-02,19:31:17,H,5.80,63.00
2022-12-02,19:31:27,H,5.80,62.70
2022-12-02,19:31:37,H,5.70,62.80
2022-12-02,19:31:47,H,5.80,63.00
2022-12-02,19:31:57,H,5.70,62.90
2022-12-02,19:32:07,H,5.70,62.50
2022-12-02,19:32:17,H,5.70,62.30
2022-12-02,19:32:27,H,5.70,62.40
2022-12-02,19:32:37,H,5.70,62.40
2022-12-02,19:32:47,H,5.70,61.60
2022-12-02,19:32:57,H,5.70,61.10
2022-12-02,19:33:07,H,5.70,60.60
2022-12-02,19:33:17,H,5.70,60.80
2022-12-02,19:33:27,H,5.70,61.00
2022-12-02,19:33:37,H,5.70,61.00
2022-12-02,19:33:47,H,5.70,61.10
2022-12-02,19:33:57,H,5.70,61.30
2022-12-02,19:34:07,H,5.60,61.60
2022-12-02,19:34:17,H,5.60,62.30
2022-12-02,19:34:27,H,5.70,62.90
2022-12-02,19:34:37,H,5.60,63.30
2022-12-02,19:34:47,H,5.70,63.60
2022-12-02,19:34:57,H,5.70,63.80
2022-12-02,19:35:07,H,5.70,64.00
2022-12-02,19:35:17,H,5.70,64.00
2022-12-02,19:35:27,H,5.70,64.10
2022-12-02,19:35:37,H,5.70,64.10
2022-12-02,19:35:47,H,5.70,64.10
2022-12-02,19:35:57,H,5.70,64.20
2022-12-02,19:36:07,H,5.70,64.30
2022-12-02,19:36:17,H,5.70,64.30
2022-12-02,19:36:27,H,5.70,64.30
2022-12-02,19:36:37,H,5.70,64.30
2022-12-02,19:36:47,H,5.70,64.30
2022-12-02,19:36:57,H,5.70,64.40
2022-12-02,19:37:07,H,5.70,64.40
2022-12-02,19:37:17,H,5.70,64.50
2022-12-02,19:37:27,H,5.80,64.50
2022-12-02,19:37:37,H,5.70,64.50
2022-12-02,19:37:47,H,5.70,64.60
2022-12-02,19:37:57,H,5.80,64.60
2022-12-02,19:38:07,H,5.80,64.60
2022-12-02,19:38:17,H,5.80,64.60
2022-12-02,19:38:27,H,5.80,64.60
2022-12-02,19:38:37,H,5.80,64.60
2022-12-02,19:38:47,H,5.80,64.50
2022-12-02,19:38:57,H,5.80,64.60
2022-12-02,19:39:07,H,5.80,64.50
2022-12-02,19:39:17,H,5.80,64.50
2022-12-02,19:39:27,H,5.80,64.50
2022-12-02,19:39:37,H,5.80,64.50
2022-12-02,19:39:47,H,5.80,64.50
2022-12-02,19:39:57,H,5.80,64.50
2022-12-02,19:40:07,H,5.80,64.50
2022-12-02,19:40:17,H,5.80,64.50
2022-12-02,19:40:27,H,5.80,64.50
2022-12-02,19:40:37,H,5.80,64.50
2022-12-02,19:40:47,H,5.80,64.50
2022-12-02,19:40:57,H,5.80,64.50
2022-12-02,19:41:07,H,5.80,64.50
2022-12-02,19:41:17,H,5.80,64.50
2022-12-02,19:41:27,H,5.80,64.50
2022-12-02,19:41:37,H,5.80,64.50
2022-12-02,19:41:47,H,5.80,64.40
2022-12-02,19:41:57,H,5.80,64.30
2022-12-02,19:42:07,H,5.80,64.30
2022-12-02,19:42:17,H,5.80,64.30
2022-12-02,19:42:27,H,5.80,64.30
2022-12-02,19:42:37,H,5.80,64.30
2022-12-02,19:42:47,H,5.80,64.30
2022-12-02,19:42:57,H,5.80,64.30
2022-12-02,19:43:07,H,5.80,64.40
2022-12-02,19:43:17,H,5.80,64.40
2022-12-02,19:43:27,H,5.80,64.40
2022-12-02,19:43:37,H,5.80,64.30
2022-12-02,19:43:47,H,5.80,64.30
2022-12-02,19:43:57,H,5.80,64.40
2022-12-02,19:44:07,H,5.80,64.40
2022-12-02,19:44:17,H,5.80,64.40
2022-12-02,19:44:27,H,5.80,64.40
2022-12-02,19:44:37,H,5.80,64.30
2022-12-02,19:44:47,H,5.80,64.30
2022-12-02,19:44:57,H,5.80,64.30
2022-12-02,19:45:07,H,5.80,64.40
2022-12-02,19:45:17,H,5.80,64.30
2022-12-02,19:45:27,H,5.80,64.30
2022-12-02,19:45:37,H,5.80,64.30
2022-12-02,19:45:47,H,5.80,64.30
2022-12-02,19:45:57,H,5.80,64.30
2022-12-02,19:46:07,H,5.80,64.30
2022-12-02,19:46:17,H,5.80,64.30
2022-12-02,19:46:27,H,5.80,64.30
2022-12-02,19:46:37,H,5.80,64.30
2022-12-02,19:46:47,H,5.80,64.30
2022-12-02,19:46:57,H,5.80,64.30
2022-12-02,19:47:07,H,5.80,64.30
2022-12-02,19:47:17,H,5.80,64.30
2022-12-02,19:47:27,H,5.80,64.30
2022-12-02,19:47:37,H,5.80,64.20
2022-12-02,19:47:47,H,5.80,63.90
2022-12-02,19:47:57,H,5.80,63.60
2022-12-02,19:48:07,H,5.80,63.70
2022-12-02,19:48:17,H,5.80,63.80
2022-12-02,19:48:27,H,5.80,63.70
2022-12-02,19:48:37,H,5.80,63.80
2022-12-02,19:48:47,H,5.80,64.00
2022-12-02,19:48:57,H,5.80,64.10
2022-12-02,19:49:07,H,5.80,64.10
2022-12-02,19:49:17,H,5.80,64.00
2022-12-02,19:49:27,H,5.80,63.80
2022-12-02,19:49:37,H,5.80,63.90
2022-12-02,19:49:47,H,5.80,63.80
2022-12-02,19:49:57,H,5.80,63.90
2022-12-02,19:50:07,H,5.80,64.00
2022-12-02,19:50:17,H,5.80,64.10
2022-12-02,19:50:27,H,5.80,64.10
2022-12-02,19:50:37,H,5.80,64.00
2022-12-02,19:50:47,H,5.80,63.80
2022-12-02,19:50:57,H,5.80,63.90
2022-12-02,19:51:07,H,5.80,64.00
2022-12-02,19:51:17,H,5.80,64.10
2022-12-02,19:51:27,H,5.80,64.10
2022-12-02,19:51:37,H,5.80,64.20
2022-12-02,19:51:47,H,5.80,64.20
2022-12-02,19:51:57,H,5.80,64.20
2022-12-02,19:52:07,H,5.80,64.20
2022-12-02,19:52:17,H,5.80,64.10
2022-12-02,19:52:27,H,5.80,64.20
2022-12-02,19:52:37,H,5.80,64.20
2022-12-02,19:52:47,H,5.80,64.20
2022-12-02,19:52:57,H,5.80,64.20
2022-12-02,19:53:07,H,5.80,64.20
2022-12-02,19:53:17,H,5.80,64.20
2022-12-02,19:53:27,H,5.80,64.20
2022-12-02,19:53:37,H,5.80,64.20
2022-12-02,19:53:47,H,5.80,64.20
2022-12-02,19:53:57,H,5.80,64.20
2022-12-02,19:54:07,H,5.80,64.20
2022-12-02,19:54:27,H,5.80,64.20
2022-12-02,19:54:37,H,5.80,64.20
2022-12-02,19:54:47,H,5.80,64.30
2022-12-02,19:54:57,H,5.80,64.30
2022-12-02,19:55:07,H,5.80,64.30
2022-12-02,19:55:17,H,5.80,64.30
2022-12-02,19:55:27,H,5.80,64.30
2022-12-02,19:55:37,H,5.80,64.30
2022-12-02,19:55:47,H,5.80,64.30
2022-12-02,19:55:57,H,5.80,64.40
2022-12-02,19:56:07,H,5.80,64.40
2022-12-02,19:56:17,H,5.80,64.40
2022-12-02,19:56:27,H,5.80,64.40
2022-12-02,19:56:37,H,5.80,64.40
2022-12-02,19:56:47,H,5.80,64.40
2022-12-02,19:56:57,H,5.80,64.40
2022-12-02,19:57:07,H,5.80,64.40
2022-12-02,19:57:17,H,5.80,64.40
2022-12-02,19:57:27,H,5.80,64.40
2022-12-02,19:57:37,H,5.80,64.50
2022-12-02,19:57:47,H,5.80,64.50
2022-12-02,19:57:57,H,5.80,64.50
2022-12-02,19:58:07,H,5.80,64.50
2022-12-02,19:58:17,H,5.80,64.50
2022-12-02,19:58:27,H,5.80,64.60
2022-12-02,19:58:37,H,5.80,64.50
2022-12-02,19:58:47,H,5.80,64.50
2022-12-02,19:58:57,H,5.80,64.60
2022-12-02,19:59:07,H,5.80,64.60
2022-12-02,19:59:17,H,5.80,64.60
2022-12-02,19:59:27,H,5.80,64.70
2022-12-02,19:59:37,H,5.80,64.70
2022-12-02,19:59:47,H,5.80,64.70
2022-12-02,19:59:57,H,5.80,64.70
2022-12-02,20:00:07,H,5.80,64.70
2022-12-02,20:00:17,H,5.80,64.70
2022-12-02,20:00:27,H,5.80,64.70
2022-12-02,20:00:37,H,5.80,64.70
2022-12-02,20:00:47,H,5.80,64.70
2022-12-02,20:00:57,H,5.80,64.70
2022-12-02,20:01:07,H,5.80,64.60
2022-12-02,20:01:17,H,5.80,64.60
2022-12-02,20:01:27,H,5.80,64.70
2022-12-02,20:01:37,H,5.80,64.70
2022-12-02,20:01:47,H,5.80,64.70
2022-12-02,20:01:57,H,5.80,64.70
2022-12-02,20:02:07,H,5.80,64.80
2022-12-02,20:02:17,H,5.80,64.80
2022-12-02,20:02:27,H,5.80,64.80
2022-12-02,20:02:37,H,5.80,64.80
2022-12-02,20:02:47,H,5.80,64.80
2022-12-02,20:02:57,H,5.80,64.80
2022-12-02,20:03:07,H,5.80,64.80
2022-12-02,20:03:17,H,5.80,64.80
2022-12-02,20:03:27,H,5.80,64.80
2022-12-02,20:03:37,H,5.80,64.80
2022-12-02,20:03:47,H,5.80,64.80
2022-12-02,20:03:57,H,5.80,64.80
2022-12-02,20:04:07,H,5.80,64.80
2022-12-02,20:04:17,H,5.80,64.80
2022-12-02,20:04:27,H,5.80,64.80
2022-12-02,20:04:37,H,5.80,64.80
2022-12-02,20:04:47,H,5.80,64.80
2022-12-02,20:04:57,H,5.80,64.80
2022-12-02,20:05:07,H,5.80,64.80
2022-12-02,20:05:17,H,5.90,64.80
2022-12-02,20:05:27,H,5.80,64.70
2022-12-02,20:05:37,H,5.90,64.80
2022-12-02,20:05:46,H,5.90,64.90
2022-12-02,20:05:56,H,5.90,64.90
2022-12-02,20:06:06,H,5.90,64.90
2022-12-02,20:06:16,H,5.90,64.90
2022-12-02,20:06:26,H,5.90,65.00
2022-12-02,20:06:36,H,5.90,65.00
2022-12-02,20:06:46,H,5.90,65.00
2022-12-02,20:06:56,H,5.90,65.00
2022-12-02,20:07:06,H,5.90,65.00
2022-12-02,20:07:16,H,5.90,64.90
2022-12-02,20:07:26,H,5.90,64.90
2022-12-02,20:07:36,H,5.90,64.90
2022-12-02,20:07:46,H,5.90,64.90
2022-12-02,20:07:56,H,5.90,64.90
2022-12-02,20:08:06,H,5.90,64.90
2022-12-02,20:08:16,H,5.90,64.90
2022-12-02,20:08:26,H,5.90,64.90
2022-12-02,20:08:36,H,5.90,64.90
2022-12-02,20:08:46,H,5.90,64.90
2022-12-02,20:08:56,H,5.90,64.90
2022-12-02,20:09:06,H,5.90,64.90
2022-12-02,20:09:16,H,5.90,65.00
2022-12-02,20:09:26,H,5.90,64.90
2022-12-02,20:09:36,H,5.90,64.90
2022-12-02,20:09:46,H,5.90,64.90
2022-12-02,20:09:56,H,5.90,64.90
2022-12-02,20:10:06,H,5.90,64.90
2022-12-02,20:10:16,H,5.90,65.00
2022-12-02,20:10:26,H,5.90,65.00
2022-12-02,20:10:36,H,5.90,65.00
2022-12-02,20:10:46,H,5.90,65.00
2022-12-02,20:10:56,H,5.90,65.00
2022-12-02,20:11:06,H,5.90,65.00
2022-12-02,20:11:16,H,5.90,65.00
2022-12-02,20:11:26,H,5.90,65.00
2022-12-02,20:11:36,H,5.90,64.90
2022-12-02,20:11:46,H,5.90,64.90
2022-12-02,20:11:56,H,5.90,65.00
2022-12-02,20:12:06,H,5.90,64.90
2022-12-02,20:12:16,H,5.90,65.00
2022-12-02,20:12:26,H,5.90,65.00
2022-12-02,20:12:36,H,5.90,65.00
2022-12-02,20:12:46,H,5.90,65.00
2022-12-02,20:12:56,H,5.90,65.00
2022-12-02,20:13:06,H,5.90,65.00
2022-12-02,20:13:16,H,5.90,65.00
2022-12-02,20:13:26,H,5.90,65.00
2022-12-02,20:13:36,H,5.90,65.00
2022-12-02,20:13:46,H,5.90,65.00
2022-12-02,20:13:56,H,5.80,65.00
2022-12-02,20:14:06,H,5.90,65.10
2022-12-02,20:14:16,H,5.90,65.10
2022-12-02,20:14:26,H,5.80,65.10
2022-12-02,20:14:36,H,5.90,65.10
2022-12-02,20:14:46,H,5.80,65.10
2022-12-02,20:14:56,H,5.80,65.10
2022-12-02,20:15:06,H,5.80,65.10
2022-12-02,20:15:16,H,5.80,65.10
2022-12-02,20:15:26,H,5.80,65.10
2022-12-02,20:15:36,H,5.80,65.10
2022-12-02,20:15:46,H,5.80,65.10
2022-12-02,20:15:56,H,5.80,65.10
2022-12-02,20:16:06,H,5.80,65.10
2022-12-02,20:16:16,H,5.80,65.10
2022-12-02,20:16:26,H,5.80,65.10
2022-12-02,20:16:36,H,5.80,65.10
2022-12-02,20:16:46,H,5.80,65.10
2022-12-02,20:16:56,H,5.80,65.10
2022-12-02,20:17:06,H,5.80,65.20
2022-12-02,20:17:16,H,5.80,65.20
2022-12-02,20:17:26,H,5.80,65.20
2022-12-02,20:17:36,H,5.80,65.20
2022-12-02,20:17:46,H,5.80,65.20
2022-12-02,20:17:56,H,5.80,65.20
2022-12-02,20:18:06,H,5.80,65.30
2022-12-02,20:18:16,H,5.80,65.20
2022-12-02,20:18:26,H,5.80,65.10
2022-12-02,20:18:36,H,5.80,64.90
2022-12-02,20:18:46,H,5.80,64.90
2022-12-02,20:18:56,H,5.80,65.00
2022-12-02,20:19:06,H,5.80,65.10
2022-12-02,20:19:16,H,5.80,65.10
2022-12-02,20:19:26,H,5.80,65.20
2022-12-02,20:19:36,H,5.80,65.20
2022-12-02,20:19:46,H,5.80,65.20
2022-12-02,20:19:56,H,5.80,65.30
2022-12-02,20:20:06,H,5.80,65.20
2022-12-02,20:20:16,H,5.80,65.10
2022-12-02,20:20:26,H,5.80,64.80
2022-12-02,20:20:36,H,5.80,64.60
2022-12-02,20:20:46,H,5.80,64.50
2022-12-02,20:20:56,H,5.80,64.40
2022-12-02,20:21:06,H,5.80,64.20
2022-12-02,20:21:16,H,5.80,64.00
2022-12-02,20:21:26,H,5.80,63.90
2022-12-02,20:21:36,H,5.80,63.90
2022-12-02,20:21:46,H,5.80,64.10
2022-12-02,20:21:56,H,5.80,64.00
2022-12-02,20:22:06,H,5.70,63.80
2022-12-02,20:22:16,H,5.70,63.80
2022-12-02,20:22:26,H,5.70,63.80
2022-12-02,20:22:36,H,5.70,63.90
2022-12-02,20:22:46,H,5.70,64.10
2022-12-02,20:22:56,H,5.70,64.30
2022-12-02,20:23:06,H,5.70,64.50
2022-12-02,20:23:16,H,5.70,64.70
2022-12-02,20:23:26,H,5.70,64.90
2022-12-02,20:23:36,H,5.70,65.00
2022-12-02,20:23:46,H,5.70,65.10
2022-12-02,20:23:57,H,5.70,65.20
2022-12-02,20:24:07,H,5.70,65.30
2022-12-02,20:24:16,H,5.70,65.30
2022-12-02,20:24:26,H,5.70,65.30
2022-12-02,20:24:37,H,5.70,65.30
2022-12-02,20:24:47,H,5.70,65.40
2022-12-02,20:24:56,H,5.70,65.40
2022-12-02,20:25:06,H,5.70,65.40
2022-12-02,20:25:17,H,5.70,65.40
2022-12-02,20:25:26,H,5.70,65.40
2022-12-02,20:25:36,H,5.70,65.40
2022-12-02,20:25:46,H,5.70,65.50
2022-12-02,20:25:57,H,5.70,65.60
2022-12-02,20:26:07,H,5.70,65.60
2022-12-02,20:26:17,H,5.70,65.60
2022-12-02,20:26:26,H,5.70,65.60
2022-12-02,20:26:36,H,5.70,65.60
2022-12-02,20:26:47,H,5.70,65.60
2022-12-02,20:26:56,H,5.70,65.60
2022-12-02,20:27:06,H,5.70,65.60
2022-12-02,20:27:17,H,5.70,65.50
2022-12-02,20:27:27,H,5.70,65.50
2022-12-02,20:27:37,H,5.70,65.50
2022-12-02,20:27:47,H,5.70,65.40
2022-12-02,20:27:57,H,5.70,65.40
2022-12-02,20:28:07,H,5.70,65.40
2022-12-02,20:28:17,H,5.70,65.50
2022-12-02,20:28:27,H,5.70,65.50
2022-12-02,20:28:37,H,5.70,65.50
2022-12-02,20:28:47,H,5.70,65.50
2022-12-02,20:28:57,H,5.70,65.50
2022-12-02,20:29:07,H,5.70,65.50
2022-12-02,20:29:17,H,5.70,65.50
2022-12-02,20:29:27,H,5.70,65.50
2022-12-02,20:29:37,H,5.70,65.50
2022-12-02,20:29:47,H,5.70,65.60
2022-12-02,20:29:57,H,5.70,65.60
2022-12-02,20:30:07,H,5.70,65.60
2022-12-02,20:30:17,H,5.70,65.60
2022-12-02,20:30:27,H,5.70,65.60
2022-12-02,20:30:36,H,5.70,65.60
2022-12-02,20:30:47,H,5.70,65.70
2022-12-02,20:30:57,H,5.70,65.60
2022-12-02,20:31:07,H,5.70,65.60
2022-12-02,20:31:17,H,5.70,65.60
2022-12-02,20:31:27,H,5.70,65.50
2022-12-02,20:31:37,H,5.70,65.60
2022-12-02,20:31:47,H,5.70,65.60
2022-12-02,20:31:57,H,5.70,65.60
2022-12-02,20:32:07,H,5.70,65.60
2022-12-02,20:32:17,H,5.70,65.60
2022-12-02,20:32:27,H,5.70,65.60
2022-12-02,20:32:37,H,5.70,65.70
2022-12-02,20:32:47,H,5.70,65.70
2022-12-02,20:32:57,H,5.70,65.70
2022-12-02,20:33:07,H,5.70,65.60
2022-12-02,20:33:17,H,5.70,65.40
2022-12-02,20:33:27,H,5.70,65.40
2022-12-02,20:33:37,H,5.70,65.30
2022-12-02,20:33:47,H,5.70,65.40
2022-12-02,20:33:57,H,5.70,65.40
2022-12-02,20:34:07,H,5.70,65.50
2022-12-02,20:34:17,H,5.70,65.60
2022-12-02,20:34:27,H,5.70,65.60
2022-12-02,20:34:37,H,5.70,65.60
2022-12-02,20:34:47,H,5.70,65.60
2022-12-02,20:34:57,H,5.70,65.60
2022-12-02,20:35:07,H,5.70,65.60
2022-12-02,20:35:17,H,5.70,65.60
2022-12-02,20:35:27,H,5.70,65.60
2022-12-02,20:35:37,H,5.70,65.60
2022-12-02,20:35:47,H,5.70,65.70
2022-12-02,20:35:57,H,5.70,65.70
2022-12-02,20:36:07,H,5.70,65.70
2022-12-02,20:36:17,H,5.70,65.70
2022-12-02,20:36:27,H,5.70,65.70
2022-12-02,20:36:37,H,5.70,65.70
2022-12-02,20:36:47,H,5.70,65.70
2022-12-02,20:36:57,H,5.70,65.70
2022-12-02,20:37:07,H,5.70,65.70
2022-12-02,20:37:17,H,5.70,65.70
2022-12-02,20:37:27,H,5.70,65.70
2022-12-02,20:37:37,H,5.70,65.70
2022-12-02,20:37:47,H,5.70,65.70
2022-12-02,20:37:57,H,5.70,65.70
2022-12-02,20:38:07,H,5.70,65.70
2022-12-02,20:38:17,H,5.70,65.70
2022-12-02,20:38:27,H,5.70,65.70
2022-12-02,20:38:37,H,5.70,65.70
2022-12-02,20:38:47,H,5.70,65.60
2022-12-02,20:38:57,H,5.70,65.60
2022-12-02,20:39:07,H,5.70,65.60
2022-12-02,20:39:17,H,5.70,65.60
2022-12-02,20:39:27,H,5.70,65.60
2022-12-02,20:39:37,H,5.70,65.60
2022-12-02,20:39:47,H,5.70,65.60
2022-12-02,20:39:57,H,5.70,65.60
2022-12-02,20:40:07,H,5.70,65.60
2022-12-02,20:40:17,H,5.70,65.50
2022-12-02,20:40:27,H,5.70,65.50
2022-12-02,20:40:37,H,5.70,65.40
2022-12-02,20:40:47,H,5.70,65.40
2022-12-02,20:40:57,H,5.60,65.40
2022-12-02,20:41:07,H,5.60,65.20
2022-12-02,20:41:17,H,5.60,65.10
2022-12-02,20:41:27,H,5.60,65.00
2022-12-02,20:41:37,H,5.60,64.90
2022-12-02,20:41:47,H,5.60,64.90
2022-12-02,20:41:57,H,5.60,64.80
2022-12-02,20:42:07,H,5.60,64.80
2022-12-02,20:42:17,H,5.60,64.80
2022-12-02,20:42:27,H,5.60,64.80
2022-12-02,20:42:37,H,5.60,64.90
2022-12-02,20:42:47,H,5.60,65.20
2022-12-02,20:42:57,H,5.60,65.40
2022-12-02,20:43:07,H,5.60,65.50
2022-12-02,20:43:17,H,5.60,65.60
2022-12-02,20:43:27,H,5.60,65.70
2022-12-02,20:43:37,H,5.60,65.60
2022-12-02,20:43:47,H,5.60,65.50
2022-12-02,20:43:57,H,5.60,65.40
2022-12-02,20:44:07,H,5.60,65.50
2022-12-02,20:44:17,H,5.60,65.50
2022-12-02,20:44:27,H,5.60,65.50
2022-12-02,20:44:37,H,5.60,65.50
2022-12-02,20:44:47,H,5.60,65.50
2022-12-02,20:44:57,H,5.60,65.60
2022-12-02,20:45:07,H,5.60,65.60
2022-12-02,20:45:17,H,5.60,65.70
2022-12-02,20:45:27,H,5.60,65.70
2022-12-02,20:45:47,H,5.60,65.80
2022-12-02,20:45:57,H,5.60,65.80
2022-12-02,20:46:07,H,5.60,65.80
2022-12-02,20:46:17,H,5.60,65.90
2022-12-02,20:46:27,H,5.60,65.90
2022-12-02,20:46:37,H,5.60,65.90
2022-12-02,20:46:47,H,5.60,65.90
2022-12-02,20:46:57,H,5.60,65.90
2022-12-02,20:47:07,H,5.60,65.90
2022-12-02,20:47:17,H,5.60,66.00
2022-12-02,20:47:27,H,5.50,66.00
2022-12-02,20:47:37,H,5.60,65.90
2022-12-02,20:47:47,H,5.60,65.90
2022-12-02,20:47:57,H,5.50,65.90
2022-12-02,20:48:07,H,5.60,65.90
2022-12-02,20:48:17,H,5.50,65.80
2022-12-02,20:48:27,H,5.60,65.70
2022-12-02,20:48:37,H,5.50,65.50
2022-12-02,20:48:47,H,5.50,65.20
2022-12-02,20:48:57,H,5.50,65.10
2022-12-02,20:49:07,H,5.50,65.20
2022-12-02,20:49:17,H,5.50,65.30
2022-12-02,20:49:27,H,5.50,65.40
2022-12-02,20:49:37,H,5.50,65.50
2022-12-02,20:49:47,H,5.50,65.60
2022-12-02,20:49:57,H,5.50,65.60
2022-12-02,20:50:07,H,5.50,65.70
2022-12-02,20:50:17,H,5.50,65.70
2022-12-02,20:50:27,H,5.50,65.70
2022-12-02,20:50:37,H,5.50,65.60
2022-12-02,20:50:47,H,5.50,65.70
2022-12-02,20:50:57,H,5.50,65.70
2022-12-02,20:51:07,H,5.50,65.70
2022-12-02,20:51:17,H,5.50,65.70
2022-12-02,20:51:27,H,5.50,65.70
2022-12-02,20:51:37,H,5.50,65.70
2022-12-02,20:51:47,H,5.50,65.70
2022-12-02,20:51:57,H,5.50,65.70
2022-12-02,20:52:07,H,5.50,65.80
2022-12-02,20:52:17,H,5.50,65.70
2022-12-02,20:52:27,H,5.50,65.80
2022-12-02,20:52:37,H,5.50,65.80
2022-12-02,20:52:47,H,5.50,65.70
2022-12-02,20:52:57,H,5.50,65.70
2022-12-02,20:53:07,H,5.50,65.70
2022-12-02,20:53:17,H,5.50,65.70
2022-12-02,20:53:27,H,5.50,65.70
2022-12-02,20:53:37,H,5.50,65.70
2022-12-02,20:53:47,H,5.50,65.70
2022-12-02,20:53:57,H,5.50,65.70
2022-12-02,20:54:07,H,5.50,65.70
2022-12-02,20:54:17,H,5.50,65.70
2022-12-02,20:54:27,H,5.50,65.70
2022-12-02,20:54:37,H,5.50,65.70
2022-12-02,20:54:47,H,5.50,65.70
2022-12-02,20:54:57,H,5.50,65.70
2022-12-02,20:55:07,H,5.50,65.70
2022-12-02,20:55:17,H,5.50,65.70
2022-12-02,20:55:27,H,5.50,65.70
2022-12-02,20:55:37,H,5.50,65.60
2022-12-02,20:55:46,H,5.50,65.70
2022-12-02,20:55:56,H,5.50,65.70
2022-12-02,20:56:06,H,5.50,65.70
2022-12-02,20:56:16,H,5.50,65.80
2022-12-02,20:56:26,H,5.50,65.80
2022-12-02,20:56:36,H,5.50,65.80
2022-12-02,20:56:46,H,5.50,65.80
2022-12-02,20:56:56,H,5.50,65.80
2022-12-02,20:57:06,H,5.50,65.80
2022-12-02,20:57:16,H,5.50,65.80
2022-12-02,20:57:26,H,5.50,65.70
2022-12-02,20:57:36,H,5.50,65.70
2022-12-02,20:57:46,H,5.50,65.70
2022-12-02,20:57:56,H,5.50,65.70
2022-12-02,20:58:06,H,5.50,65.70
2022-12-02,20:58:16,H,5.50,65.70
2022-12-02,20:58:26,H,5.50,65.70
2022-12-02,20:58:36,H,5.50,65.70
2022-12-02,20:58:46,H,5.50,65.80
2022-12-02,20:58:56,H,5.50,65.80
2022-12-02,20:59:06,H,5.50,65.80
2022-12-02,20:59:16,H,5.50,65.80
2022-12-02,20:59:26,H,5.50,65.80
2022-12-02,20:59:36,H,5.50,65.80
2022-12-02,20:59:46,H,5.50,65.80
2022-12-02,20:59:56,H,5.50,65.70
2022-12-02,21:00:06,H,5.50,65.80
2022-12-02,21:00:16,H,5.50,65.80
2022-12-02,21:00:26,H,5.50,65.70
2022-12-02,21:00:36,H,5.50,65.70
2022-12-02,21:00:46,H,5.50,65.70
2022-12-02,21:00:56,H,5.50,65.80
2022-12-02,21:01:06,H,5.50,65.80
2022-12-02,21:01:16,H,5.50,65.80
2022-12-02,21:01:26,H,5.50,65.80
2022-12-02,21:01:36,H,5.50,65.90
2022-12-02,21:01:46,H,5.50,65.90
2022-12-02,21:01:56,H,5.50,65.90
2022-12-02,21:02:06,H,5.50,65.90
2022-12-02,21:02:16,H,5.50,65.90
2022-12-02,21:02:26,H,5.50,65.90
2022-12-02,21:02:36,H,5.50,65.90
2022-12-02,21:02:46,H,5.50,65.80
2022-12-02,21:02:56,H,5.50,65.90
2022-12-02,21:03:06,H,5.50,65.90
2022-12-02,21:03:16,H,5.50,65.90
2022-12-02,21:03:26,H,5.50,65.90
2022-12-02,21:03:36,H,5.50,65.90
2022-12-02,21:03:46,H,5.50,65.90
2022-12-02,21:03:56,H,5.50,65.90
2022-12-02,21:04:06,H,5.50,65.90
2022-12-02,21:04:16,H,5.50,65.90
2022-12-02,21:04:26,H,5.50,65.90
2022-12-02,21:04:36,H,5.50,65.90
2022-12-02,21:04:46,H,5.50,65.90
2022-12-02,21:04:56,H,5.50,65.90
2022-12-02,21:05:06,H,5.50,66.00
2022-12-02,21:05:16,H,5.50,66.00
2022-12-02,21:05:26,H,5.50,66.00
2022-12-02,21:05:36,H,5.50,66.00
2022-12-02,21:05:46,H,5.50,66.00
2022-12-02,21:05:56,H,5.50,66.00
2022-12-02,21:06:06,H,5.50,66.00
2022-12-02,21:06:16,H,5.50,66.00
2022-12-02,21:06:26,H,5.50,66.00
2022-12-02,21:06:36,H,5.50,66.00
2022-12-02,21:06:46,H,5.50,66.10
2022-12-02,21:06:56,H,5.50,66.00
2022-12-02,21:07:06,H,5.50,66.10
2022-12-02,21:07:16,H,5.50,66.10
2022-12-02,21:07:26,H,5.50,66.10
2022-12-02,21:07:36,H,5.50,66.10
2022-12-02,21:07:46,H,5.50,66.10
2022-12-02,21:07:56,H,5.50,66.10
2022-12-02,21:08:06,H,5.50,66.10
2022-12-02,21:08:16,H,5.50,66.20
2022-12-02,21:08:26,H,5.50,66.10
2022-12-02,21:08:36,H,5.50,66.10
2022-12-02,21:08:46,H,5.50,66.20
2022-12-02,21:08:56,H,5.50,66.10
2022-12-02,21:09:06,H,5.50,66.10
2022-12-02,21:09:16,H,5.50,66.10
2022-12-02,21:09:26,H,5.50,66.10
2022-12-02,21:09:36,H,5.50,66.10
2022-12-02,21:09:46,H,5.50,66.00
2022-12-02,21:09:56,H,5.50,66.00
2022-12-02,21:10:06,H,5.50,66.00
2022-12-02,21:10:16,H,5.50,66.00
2022-12-02,21:10:26,H,5.50,66.00
2022-12-02,21:10:36,H,5.50,65.90
2022-12-02,21:10:46,H,5.50,65.90
2022-12-02,21:10:56,H,5.50,65.90
2022-12-02,21:11:06,H,5.50,65.90
2022-12-02,21:11:16,H,5.50,65.90
2022-12-02,21:11:26,H,5.50,65.90
2022-12-02,21:11:36,H,5.50,65.80
2022-12-02,21:11:46,H,5.50,65.70
2022-12-02,21:11:56,H,5.50,65.60
2022-12-02,21:12:06,H,5.50,65.60
2022-12-02,21:12:16,H,5.40,65.50
2022-12-02,21:12:26,H,5.50,65.50
2022-12-02,21:12:36,H,5.40,65.40
2022-12-02,21:12:46,H,5.40,65.50
2022-12-02,21:12:56,H,5.40,65.50
2022-12-02,21:13:06,H,5.40,65.50
2022-12-02,21:13:16,H,5.40,65.40
2022-12-02,21:13:26,H,5.40,65.20
2022-12-02,21:13:36,H,5.40,65.10
2022-12-02,21:13:46,H,5.40,65.20
2022-12-02,21:13:56,H,5.40,65.30
2022-12-02,21:14:06,H,5.40,65.40
2022-12-02,21:14:16,H,5.40,65.40
2022-12-02,21:14:26,H,5.40,65.40
2022-12-02,21:14:36,H,5.40,65.40
2022-12-02,21:14:46,H,5.30,65.10
2022-12-02,21:14:56,H,5.30,64.80
2022-12-02,21:15:06,H,5.30,64.50
2022-12-02,21:15:16,H,5.30,64.30
2022-12-02,21:15:26,H,5.30,64.20
2022-12-02,21:15:36,H,5.30,64.30
2022-12-02,21:15:46,H,5.30,64.40
2022-12-02,21:15:56,H,5.30,64.50
2022-12-02,21:16:06,H,5.20,64.60
2022-12-02,21:16:16,H,5.20,64.70
2022-12-02,21:16:26,H,5.20,64.70
2022-12-02,21:16:36,H,5.20,64.70
2022-12-02,21:16:46,H,5.20,64.70
2022-12-02,21:16:56,H,5.20,64.70
2022-12-02,21:17:06,H,5.20,64.70
2022-12-02,21:17:16,H,5.20,64.70
2022-12-02,21:17:26,H,5.20,64.80
2022-12-02,21:17:36,H,5.20,64.80
2022-12-02,21:17:46,H,5.20,64.90
2022-12-02,21:17:56,H,5.20,64.90
2022-12-02,21:18:06,H,5.10,64.90
2022-12-02,21:18:16,H,5.10,64.90
2022-12-02,21:18:26,H,5.10,64.80
2022-12-02,21:18:36,H,5.10,64.90
2022-12-02,21:18:46,H,5.10,64.90
2022-12-02,21:18:56,H,5.10,64.90
2022-12-02,21:19:06,H,5.10,64.90
2022-12-02,21:19:16,H,5.10,64.90
2022-12-02,21:19:26,H,5.10,64.90
2022-12-02,21:19:36,H,5.10,64.90
2022-12-02,21:19:46,H,5.10,64.90
2022-12-02,21:19:56,H,5.00,64.80
2022-12-02,21:20:06,H,5.00,64.80
2022-12-02,21:20:16,H,5.00,64.80
2022-12-02,21:20:26,H,5.00,64.90
2022-12-02,21:20:36,H,5.00,64.90
2022-12-02,21:20:46,H,5.00,64.90
2022-12-02,21:20:56,H,5.00,64.90
2022-12-02,21:21:06,H,5.00,64.80
2022-12-02,21:21:16,H,5.00,64.80
2022-12-02,21:21:26,H,5.00,64.70
2022-12-02,21:21:36,H,4.90,64.70
2022-12-02,21:21:46,H,5.00,64.70
2022-12-02,21:21:56,H,4.90,64.70
2022-12-02,21:22:06,H,4.90,64.70
2022-12-02,21:22:16,H,4.90,64.70
2022-12-02,21:22:26,H,4.90,64.70
2022-12-02,21:22:36,H,4.90,64.70
2022-12-02,21:22:46,H,4.90,64.70
2022-12-02,21:22:56,H,4.90,64.70
2022-12-02,21:23:06,H,4.90,64.70
2022-12-02,21:23:16,H,4.90,64.60
2022-12-02,21:23:26,H,4.90,64.60
2022-12-02,21:23:36,H,4.90,64.60
2022-12-02,21:23:46,H,4.80,64.60
2022-12-02,21:23:56,H,4.80,64.60
2022-12-02,21:24:06,H,4.80,64.70
2022-12-02,21:24:16,H,4.80,64.60
2022-12-02,21:24:26,H,4.80,64.70
2022-12-02,21:24:36,H,4.80,64.70
2022-12-02,21:24:46,H,4.80,64.70
2022-12-02,21:25:06,H,4.80,64.70
2022-12-02,21:25:16,H,4.80,64.70
2022-12-02,21:25:26,H,4.80,64.70
2022-12-02,21:25:36,H,4.80,64.70
2022-12-02,21:25:46,H,4.80,64.70
2022-12-02,21:25:56,H,4.70,64.60
2022-12-02,21:26:06,H,4.70,64.60
2022-12-02,21:26:16,H,4.70,64.60
2022-12-02,21:26:26,H,4.70,64.60
2022-12-02,21:26:36,H,4.70,64.60
2022-12-02,21:26:46,H,4.70,64.60
2022-12-02,21:26:56,H,4.70,64.60
2022-12-02,21:27:06,H,4.70,64.60
2022-12-02,21:27:16,H,4.70,64.50
2022-12-02,21:27:26,H,4.70,64.50
2022-12-02,21:27:36,H,4.70,64.50
2022-12-02,21:27:46,H,4.70,64.40
2022-12-02,21:27:56,H,4.70,64.40
2022-12-02,21:28:06,H,4.70,64.50
2022-12-02,21:28:16,H,4.70,64.40
2022-12-02,21:28:26,H,4.60,64.40
2022-12-02,21:28:36,H,4.60,64.40
2022-12-02,21:28:46,H,4.60,64.40
2022-12-02,21:28:56,H,4.60,64.40
2022-12-02,21:29:06,H,4.60,64.30
2022-12-02,21:29:16,H,4.60,64.30
2022-12-02,21:29:26,H,4.60,64.30
2022-12-02,21:29:36,H,4.60,64.30
2022-12-02,21:29:46,H,4.60,64.20
2022-12-02,21:29:56,H,4.60,64.20
2022-12-02,21:30:06,H,4.60,64.20
2022-12-02,21:30:16,H,4.60,64.10
2022-12-02,21:30:26,H,4.60,64.10
2022-12-02,21:30:36,H,4.60,64.10
2022-12-02,21:30:46,H,4.60,64.10
2022-12-02,21:30:56,H,4.60,64.10
2022-12-02,21:31:06,H,4.60,64.10
2022-12-02,21:31:16,H,4.60,64.10
2022-12-02,21:31:26,H,4.60,64.00
2022-12-02,21:31:36,H,4.50,64.10
2022-12-02,21:31:46,H,4.60,64.10
2022-12-02,21:31:56,H,4.50,64.20
2022-12-02,21:32:06,H,4.50,64.20
2022-12-02,21:32:16,H,4.50,64.30
2022-12-02,21:32:26,H,4.50,64.40
2022-12-02,21:32:36,H,4.50,64.40
2022-12-02,21:32:46,H,4.50,64.50
2022-12-02,21:32:56,H,4.50,64.50
2022-12-02,21:33:06,H,4.50,64.50
2022-12-02,21:33:16,H,4.50,64.50
2022-12-02,21:33:26,H,4.50,64.50
2022-12-02,21:33:36,H,4.50,64.50
2022-12-02,21:33:46,H,4.50,64.50
2022-12-02,21:33:56,H,4.50,64.50
2022-12-02,21:34:06,H,4.50,64.50
2022-12-02,21:34:16,H,4.50,64.50
2022-12-02,21:34:26,H,4.50,64.50
2022-12-02,21:34:36,H,4.50,64.40
2022-12-02,21:34:46,H,4.50,64.50
2022-12-02,21:34:56,H,4.50,64.50
2022-12-02,21:35:06,H,4.50,64.40
2022-12-02,21:35:16,H,4.50,64.40
2022-12-02,21:35:26,H,4.50,64.40
2022-12-02,21:35:36,H,4.50,64.40
2022-12-02,21:35:46,H,4.50,64.40
2022-12-02,21:35:56,H,4.50,64.50
2022-12-02,21:36:06,H,4.50,64.50
2022-12-02,21:36:16,H,4.50,64.50
2022-12-02,21:36:36,H,4.50,64.50
2022-12-02,21:36:46,H,4.50,64.40
2022-12-02,21:36:56,H,4.50,64.40
2022-12-02,21:37:06,H,4.50,64.40
2022-12-02,21:37:16,H,4.50,64.40
2022-12-02,21:37:26,H,4.50,64.40
2022-12-02,21:37:36,H,4.50,64.40
2022-12-02,21:37:46,H,4.50,64.40
2022-12-02,21:37:56,H,4.50,64.40
2022-12-02,21:38:06,H,4.50,64.40
2022-12-02,21:38:16,H,4.50,64.50
2022-12-02,21:38:26,H,4.50,64.50
2022-12-02,21:38:36,H,4.50,64.50
2022-12-02,21:38:46,H,4.50,64.60
2022-12-02,21:38:56,H,4.50,64.70
2022-12-02,21:39:06,H,4.50,64.70
2022-12-02,21:39:16,H,4.50,64.70
2022-12-02,21:39:26,H,4.50,64.70
2022-12-02,21:39:36,H,4.50,64.80
2022-12-02,21:39:46,H,4.50,64.80
2022-12-02,21:39:56,H,4.50,64.70
2022-12-02,21:40:06,H,4.50,64.70
2022-12-02,21:40:16,H,4.50,64.70
2022-12-02,21:40:26,H,4.50,64.60
2022-12-02,21:40:36,H,4.50,64.60
2022-12-02,21:40:46,H,4.50,64.60
2022-12-02,21:40:56,H,4.50,64.50
2022-12-02,21:41:06,H,4.50,64.50
2022-12-02,21:41:16,H,4.50,64.40
2022-12-02,21:41:26,H,4.50,64.40
2022-12-02,21:41:36,H,4.50,64.40
2022-12-02,21:41:46,H,4.50,64.40
2022-12-02,21:41:56,H,4.50,64.40
2022-12-02,21:42:06,H,4.50,64.40
2022-12-02,21:42:16,H,4.50,64.40
2022-12-02,21:42:26,H,4.50,64.30
2022-12-02,21:42:36,H,4.50,64.30
2022-12-02,21:42:46,H,4.50,64.30
2022-12-02,21:42:56,H,4.50,64.40
2022-12-02,21:43:06,H,4.50,64.60
2022-12-02,21:43:16,H,4.50,64.70
2022-12-02,21:43:26,H,4.50,64.70
2022-12-02,21:43:36,H,4.50,64.70
2022-12-02,21:43:46,H,4.50,64.60
2022-12-02,21:43:56,H,4.50,64.60
2022-12-02,21:44:06,H,4.50,64.50
2022-12-02,21:44:16,H,4.50,64.40
2022-12-02,21:44:26,H,4.50,64.40
2022-12-02,21:44:36,H,4.50,64.40
2022-12-02,21:44:46,H,4.50,64.30
2022-12-02,21:44:56,H,4.50,64.30
2022-12-02,21:45:06,H,4.50,64.30
2022-12-02,21:45:16,H,4.50,64.40
2022-12-02,21:45:26,H,4.50,64.40
2022-12-02,21:45:36,H,4.50,64.50
2022-12-02,21:45:46,H,4.50,64.60
2022-12-02,21:45:56,H,4.50,64.60
2022-12-02,21:46:06,H,4.50,64.70
2022-12-02,21:46:16,H,4.50,64.70
2022-12-02,21:46:26,H,4.50,64.70
2022-12-02,21:46:36,H,4.50,64.70
2022-12-02,21:46:46,H,4.50,64.70
2022-12-02,21:46:56,H,4.50,64.70
2022-12-02,21:47:06,H,4.50,64.60
2022-12-02,21:47:16,H,4.50,64.60
2022-12-02,21:47:26,H,4.50,64.60
2022-12-02,21:47:36,H,4.50,64.60
2022-12-02,21:47:46,H,4.60,64.60
2022-12-02,21:47:56,H,4.60,64.60
2022-12-02,21:48:06,H,4.60,64.60
2022-12-02,21:48:16,H,4.50,64.60
2022-12-02,21:48:26,H,4.50,64.60
2022-12-02,21:48:36,H,4.60,64.60
2022-12-02,21:48:46,H,4.60,64.50
2022-12-02,21:48:56,H,4.50,64.50
2022-12-02,21:49:06,H,4.60,64.50
2022-12-02,21:49:16,H,4.60,64.50
2022-12-02,21:49:26,H,4.60,64.50
2022-12-02,21:49:36,H,4.60,64.50
2022-12-02,21:49:46,H,4.60,64.60
2022-12-02,21:49:56,H,4.60,64.60
2022-12-02,21:50:06,H,4.60,64.60
2022-12-02,21:50:16,H,4.60,64.70
2022-12-02,21:50:26,H,4.60,64.70
2022-12-02,21:50:36,H,4.60,64.70
2022-12-02,21:50:46,H,4.60,64.60
2022-12-02,21:50:56,H,4.60,64.60
2022-12-02,21:51:06,H,4.60,64.50
2022-12-02,21:51:16,H,4.60,64.40
2022-12-02,21:51:26,H,4.60,64.30
2022-12-02,21:51:36,H,4.60,64.30
2022-12-02,21:51:46,H,4.60,64.30
2022-12-02,21:51:56,H,4.60,64.30
2022-12-02,21:52:06,H,4.60,64.30
2022-12-02,21:52:16,H,4.60,64.30
2022-12-02,21:52:26,H,4.60,64.30
2022-12-02,21:52:36,H,4.60,64.30
2022-12-02,21:52:46,H,4.60,64.40
2022-12-02,21:52:56,H,4.60,64.40
2022-12-02,21:53:06,H,4.60,64.40
2022-12-02,21:53:16,H,4.60,64.40
2022-12-02,21:53:26,H,4.60,64.50
2022-12-02,21:53:36,H,4.60,64.60
2022-12-02,21:53:46,H,4.60,64.60
2022-12-02,21:53:56,H,4.60,64.60
2022-12-02,21:54:06,H,4.60,64.70
2022-12-02,21:54:16,H,4.60,64.70
2022-12-02,21:54:26,H,4.70,64.70
2022-12-02,21:54:36,H,4.60,64.70
2022-12-02,21:54:46,H,4.70,64.70
2022-12-02,21:54:56,H,4.70,64.50
2022-12-02,21:55:06,H,4.70,64.00
2022-12-02,21:55:16,H,4.70,63.70
2022-12-02,21:55:26,H,4.70,63.40
2022-12-02,21:55:36,H,4.60,63.20
2022-12-02,21:55:46,H,4.60,63.00
2022-12-02,21:55:56,H,4.60,63.10
2022-12-02,21:56:06,H,4.60,63.10
2022-12-02,21:56:16,H,4.60,63.20
2022-12-02,21:56:26,H,4.60,63.30
2022-12-02,21:56:36,H,4.60,63.30
2022-12-02,21:56:46,H,4.60,63.30
2022-12-02,21:56:56,H,4.50,63.10
2022-12-02,21:57:06,H,4.50,63.10
2022-12-02,21:57:16,H,4.50,62.90
2022-12-02,21:57:26,H,4.50,62.90
2022-12-02,21:57:36,H,4.50,63.00
2022-12-02,21:57:46,H,4.50,63.20
2022-12-02,21:57:56,H,4.50,63.60
2022-12-02,21:58:06,H,4.50,63.90
2022-12-02,21:58:16,H,4.50,64.20
2022-12-02,21:58:26,H,4.50,64.60
2022-12-02,21:58:36,H,4.50,64.80
2022-12-02,21:58:46,H,4.50,65.00
2022-12-02,21:58:56,H,4.50,65.20
2022-12-02,21:59:06,H,4.50,65.30
2022-12-02,21:59:26,H,4.50,65.30
2022-12-02,21:59:36,H,4.50,65.40
2022-12-02,21:59:46,H,4.50,65.40
2022-12-02,21:59:56,H,4.50,65.50
2022-12-02,22:00:06,H,4.50,65.50
2022-12-02,22:00:16,H,4.50,65.50
2022-12-02,22:00:26,H,4.50,65.50
2022-12-02,22:00:36,H,4.50,65.50
2022-12-02,22:00:46,H,4.50,65.60
2022-12-02,22:00:56,H,4.50,65.50
2022-12-02,22:01:06,H,4.50,65.50
2022-12-02,22:01:16,H,4.50,65.40
2022-12-02,22:01:26,H,4.50,65.40
2022-12-02,22:01:36,H,4.50,65.40
2022-12-02,22:01:46,H,4.50,65.40
2022-12-02,22:01:56,H,4.60,65.50
2022-12-02,22:02:06,H,4.60,65.50
2022-12-02,22:02:16,H,4.60,65.50
2022-12-02,22:02:26,H,4.60,65.50
2022-12-02,22:02:36,H,4.60,65.40
2022-12-02,22:02:46,H,4.60,65.40
2022-12-02,22:02:56,H,4.60,65.40
2022-12-02,22:03:06,H,4.60,65.40
2022-12-02,22:03:16,H,4.60,65.40
2022-12-02,22:03:26,H,4.60,65.40
2022-12-02,22:03:36,H,4.60,65.40
2022-12-02,22:03:46,H,4.60,65.50
2022-12-02,22:03:56,H,4.60,65.40
2022-12-02,22:04:06,H,4.60,65.40
2022-12-02,22:04:16,H,4.60,65.40
2022-12-02,22:04:26,H,4.60,65.40
2022-12-02,22:04:36,H,4.60,65.40
2022-12-02,22:04:46,H,4.60,65.50
2022-12-02,22:04:56,H,4.60,65.40
2022-12-02,22:05:06,H,4.60,65.30
2022-12-02,22:05:16,H,4.60,65.30
2022-12-02,22:05:26,H,4.60,65.20
2022-12-02,22:05:36,H,4.60,65.10
2022-12-02,22:05:46,H,4.60,65.00
2022-12-02,22:05:56,H,4.60,65.00
2022-12-02,22:06:06,H,4.60,65.00
2022-12-02,22:06:16,H,4.60,65.00
2022-12-02,22:06:26,H,4.60,65.10
2022-12-02,22:06:36,H,4.60,65.00
2022-12-02,22:06:46,H,4.60,65.00
2022-12-02,22:06:56,H,4.60,65.00
2022-12-02,22:07:06,H,4.60,65.10
2022-12-02,22:07:16,H,4.60,65.10
2022-12-02,22:07:26,H,4.60,65.10
2022-12-02,22:07:36,H,4.60,65.10
2022-12-02,22:07:46,H,4.60,65.10
2022-12-02,22:07:56,H,4.60,65.00
2022-12-02,22:08:06,H,4.60,64.90
2022-12-02,22:08:16,H,4.60,64.80
2022-12-02,22:08:26,H,4.60,64.70
2022-12-02,22:08:36,H,4.60,64.60
2022-12-02,22:08:46,H,4.60,64.50
2022-12-02,22:08:56,H,4.60,64.50
2022-12-02,22:09:07,H,4.60,64.50
2022-12-02,22:09:16,H,4.60,64.40
2022-12-02,22:09:27,H,4.60,64.40
2022-12-02,22:09:36,H,4.60,64.40
2022-12-02,22:09:46,H,4.60,64.40
2022-12-02,22:09:56,H,4.60,64.40
2022-12-02,22:10:06,H,4.60,64.50
2022-12-02,22:10:16,H,4.60,64.80
2022-12-02,22:10:27,H,4.50,65.00
2022-12-02,22:10:37,H,4.50,65.10
2022-12-02,22:10:56,H,4.50,65.20
2022-12-02,22:11:07,H,4.50,65.20
2022-12-02,22:11:16,H,4.50,65.20
2022-12-02,22:11:27,H,4.50,65.20
2022-12-02,22:11:36,H,4.50,65.20
2022-12-02,22:11:47,H,4.50,65.20
2022-12-02,22:11:56,H,4.50,65.20
2022-12-02,22:12:06,H,4.50,65.20
2022-12-02,22:12:16,H,4.50,65.20
2022-12-02,22:12:26,H,4.50,65.20
2022-12-02,22:12:37,H,4.50,65.10
2022-12-02,22:12:47,H,4.50,65.10
2022-12-02,22:12:56,H,4.50,65.00
2022-12-02,22:13:07,H,4.50,65.00
2022-12-02,22:13:17,H,4.50,65.00
2022-12-02,22:13:27,H,4.50,65.00
2022-12-02,22:13:37,H,4.50,65.00
2022-12-02,22:13:47,H,4.50,65.10
2022-12-02,22:13:57,H,4.50,65.10
2022-12-02,22:14:07,H,4.50,65.10
2022-12-02,22:14:17,H,4.50,65.10
2022-12-02,22:14:27,H,4.50,65.10
2022-12-02,22:14:37,H,4.50,65.10
2022-12-02,22:14:47,H,4.40,65.10
2022-12-02,22:14:57,H,4.50,65.20
2022-12-02,22:15:07,H,4.40,65.20
2022-12-02,22:15:17,H,4.40,65.20
2022-12-02,22:15:27,H,4.40,65.20
2022-12-02,22:15:37,H,4.40,65.20
2022-12-02,22:15:47,H,4.40,65.00
2022-12-02,22:15:57,H,4.40,64.90
2022-12-02,22:16:06,H,4.40,64.90
2022-12-02,22:16:17,H,4.40,65.00
2022-12-02,22:16:27,H,4.40,65.10
2022-12-02,22:16:37,H,4.40,65.20
2022-12-02,22:16:47,H,4.40,65.30
2022-12-02,22:16:56,H,4.40,65.30
2022-12-02,22:17:07,H,4.40,65.30
2022-12-02,22:17:17,H,4.40,65.30
2022-12-02,22:17:27,H,4.40,65.30
2022-12-02,22:17:37,H,4.40,65.30
2022-12-02,22:17:47,H,4.40,65.30
2022-12-02,22:17:57,H,4.40,65.30
2022-12-02,22:18:07,H,4.40,65.40
2022-12-02,22:18:17,H,4.40,65.40
2022-12-02,22:18:27,H,4.40,65.40
2022-12-02,22:18:37,H,4.40,65.40
2022-12-02,22:18:47,H,4.40,65.40
2022-12-02,22:18:57,H,4.40,65.50
2022-12-02,22:19:07,H,4.40,65.50
2022-12-02,22:19:17,H,4.40,65.50
2022-12-02,22:19:27,H,4.40,65.50
2022-12-02,22:19:37,H,4.40,65.50
2022-12-02,22:19:47,H,4.40,65.50
2022-12-02,22:19:57,H,4.50,65.50
2022-12-02,22:20:07,H,4.50,65.50
2022-12-02,22:20:17,H,4.50,65.50
2022-12-02,22:20:27,H,4.50,65.40
2022-12-02,22:20:37,H,4.50,65.40
2022-12-02,22:20:47,H,4.50,65.50
2022-12-02,22:20:57,H,4.50,65.40
2022-12-02,22:21:07,H,4.50,65.40
2022-12-02,22:21:17,H,4.50,65.40
2022-12-02,22:21:27,H,4.50,65.40
2022-12-02,22:21:37,H,4.50,65.40
2022-12-02,22:21:47,H,4.50,65.50
2022-12-02,22:21:57,H,4.50,65.50
2022-12-02,22:22:07,H,4.50,65.20
2022-12-02,22:22:17,H,4.50,65.10
2022-12-02,22:22:27,H,4.50,65.10
2022-12-02,22:22:37,H,4.50,65.30
2022-12-02,22:22:47,H,4.50,65.40
2022-12-02,22:22:57,H,4.50,65.50
2022-12-02,22:23:07,H,4.50,65.60
2022-12-02,22:23:17,H,4.50,65.60
2022-12-02,22:23:27,H,4.50,65.60
2022-12-02,22:23:37,H,4.50,65.60
2022-12-02,22:23:47,H,4.50,65.60
2022-12-02,22:23:57,H,4.50,65.60
2022-12-02,22:24:07,H,4.50,65.60
2022-12-02,22:24:17,H,4.50,65.50
2022-12-02,22:24:27,H,4.50,65.50
2022-12-02,22:24:37,H,4.50,65.50
2022-12-02,22:24:47,H,4.50,65.50
2022-12-02,22:24:57,H,4.50,65.50
2022-12-02,22:25:07,H,4.50,65.50
2022-12-02,22:25:17,H,4.50,65.50
2022-12-02,22:25:27,H,4.50,65.40
2022-12-02,22:25:37,H,4.50,65.40
2022-12-02,22:25:47,H,4.50,65.40
2022-12-02,22:25:57,H,4.50,65.50
2022-12-02,22:26:07,H,4.50,65.40
2022-12-02,22:26:17,H,4.50,65.50
2022-12-02,22:26:27,H,4.50,65.50
2022-12-02,22:26:37,H,4.50,65.50
2022-12-02,22:26:47,H,4.50,65.60
2022-12-02,22:26:57,H,4.50,65.60
2022-12-02,22:27:07,H,4.50,65.70
2022-12-02,22:27:17,H,4.50,65.70
2022-12-02,22:27:27,H,4.50,65.60
2022-12-02,22:27:37,H,4.50,65.60
2022-12-02,22:27:47,H,4.50,65.60
2022-12-02,22:27:57,H,4.50,65.60
2022-12-02,22:28:07,H,4.50,65.60
2022-12-02,22:28:17,H,4.50,65.60
2022-12-02,22:28:27,H,4.50,65.50
2022-12-02,22:28:37,H,4.50,65.40
2022-12-02,22:28:47,H,4.50,65.40
2022-12-02,22:28:57,H,4.50,65.30
2022-12-02,22:29:07,H,4.50,65.30
2022-12-02,22:29:17,H,4.50,65.30
2022-12-02,22:29:27,H,4.50,65.30
2022-12-02,22:29:37,H,4.50,65.40
2022-12-02,22:29:47,H,4.50,65.50
2022-12-02,22:29:57,H,4.50,65.60
2022-12-02,22:30:07,H,4.50,65.70
2022-12-02,22:30:17,H,4.50,65.70
2022-12-02,22:30:27,H,4.50,65.80
2022-12-02,22:30:37,H,4.50,65.80
2022-12-02,22:30:47,H,4.50,65.80
2022-12-02,22:30:57,H,4.50,65.80
2022-12-02,22:31:07,H,4.50,65.80
2022-12-02,22:31:17,H,4.50,65.90
2022-12-02,22:31:27,H,4.50,65.90
2022-12-02,22:31:37,H,4.50,65.90
2022-12-02,22:31:47,H,4.50,65.90
2022-12-02,22:31:57,H,4.50,65.80
2022-12-02,22:32:07,H,4.50,65.80
2022-12-02,22:32:17,H,4.50,65.80
2022-12-02,22:32:27,H,4.60,65.80
2022-12-02,22:32:37,H,4.50,65.80
2022-12-02,22:32:47,H,4.50,65.80
2022-12-02,22:32:57,H,4.50,65.80
2022-12-02,22:33:07,H,4.50,65.80
2022-12-02,22:33:17,H,4.50,65.80
2022-12-02,22:33:27,H,4.50,65.80
2022-12-02,22:33:47,H,4.60,65.80
2022-12-02,22:33:57,H,4.50,65.80
2022-12-02,22:34:07,H,4.50,65.80
2022-12-02,22:34:17,H,4.60,65.80
2022-12-02,22:34:27,H,4.60,65.90
2022-12-02,22:34:37,H,4.50,65.90
2022-12-02,22:34:47,H,4.60,65.90
2022-12-02,22:34:57,H,4.60,65.90
2022-12-02,22:35:07,H,4.60,65.50
2022-12-02,22:35:17,H,4.60,65.00
2022-12-02,22:35:27,H,4.60,64.70
2022-12-02,22:35:37,H,4.50,64.50
2022-12-02,22:35:47,H,4.50,64.60
2022-12-02,22:35:57,H,4.50,64.80
2022-12-02,22:36:07,H,4.50,65.10
2022-12-02,22:36:17,H,4.50,65.40
2022-12-02,22:36:27,H,4.50,65.60
2022-12-02,22:36:37,H,4.50,65.70
2022-12-02,22:36:47,H,4.50,65.80
2022-12-02,22:36:57,H,4.50,65.80
2022-12-02,22:37:07,H,4.50,65.80
2022-12-02,22:37:17,H,4.50,65.80
2022-12-02,22:37:27,H,4.50,65.90
2022-12-02,22:37:37,H,4.50,65.90
2022-12-02,22:37:47,H,4.50,65.90
2022-12-02,22:37:57,H,4.50,65.90
2022-12-02,22:38:07,H,4.50,65.90
2022-12-02,22:38:17,H,4.60,66.00
2022-12-02,22:38:27,H,4.50,66.00
2022-12-02,22:38:37,H,4.60,66.10
2022-12-02,22:38:47,H,4.50,66.10
2022-12-02,22:38:57,H,4.60,66.00
2022-12-02,22:39:07,H,4.50,66.00
2022-12-02,22:39:17,H,4.60,66.00
2022-12-02,22:39:27,H,4.50,66.00
2022-12-02,22:39:37,H,4.50,66.00
2022-12-02,22:39:47,H,4.50,65.90
2022-12-02,22:39:57,H,4.50,65.80
2022-12-02,22:40:07,H,4.50,65.80
2022-12-02,22:40:27,H,4.60,65.70
2022-12-02,22:40:37,H,4.50,65.60
2022-12-02,22:40:47,H,4.50,65.60
2022-12-02,22:40:57,H,4.50,65.60
2022-12-02,22:41:07,H,4.50,65.60
2022-12-02,22:41:17,H,4.50,65.50
2022-12-02,22:41:27,H,4.50,65.50
2022-12-02,22:41:37,H,4.50,65.40
2022-12-02,22:41:47,H,4.50,65.40
2022-12-02,22:41:57,H,4.50,65.50
2022-12-02,22:42:07,H,4.50,65.50
2022-12-02,22:42:17,H,4.50,65.50
2022-12-02,22:42:27,H,4.50,65.60
2022-12-02,22:42:37,H,4.50,65.60
2022-12-02,22:42:47,H,4.50,65.60
2022-12-02,22:42:57,H,4.50,65.70
2022-12-02,22:43:07,H,4.50,65.80
2022-12-02,22:43:17,H,4.50,65.90
2022-12-02,22:43:27,H,4.50,65.90
2022-12-02,22:43:37,H,4.50,66.00
2022-12-02,22:43:47,H,4.50,66.00
2022-12-02,22:43:57,H,4.50,66.00
2022-12-02,22:44:07,H,4.60,66.00
2022-12-02,22:44:17,H,4.50,66.00
2022-12-02,22:44:27,H,4.60,66.00
2022-12-02,22:44:37,H,4.50,66.00
2022-12-02,22:44:47,H,4.50,66.00
2022-12-02,22:44:57,H,4.60,66.10
2022-12-02,22:45:07,H,4.50,66.10
2022-12-02,22:45:17,H,4.60,66.10
2022-12-02,22:45:27,H,4.60,66.10
2022-12-02,22:45:37,H,4.60,66.10
2022-12-02,22:45:47,H,4.60,66.00
2022-12-02,22:45:57,H,4.50,66.00
2022-12-02,22:46:07,H,4.60,66.00
2022-12-02,22:46:17,H,4.60,66.00
2022-12-02,22:46:27,H,4.60,66.00
2022-12-02,22:46:37,H,4.60,66.00
2022-12-02,22:46:47,H,4.60,66.00
2022-12-02,22:46:57,H,4.60,66.00
2022-12-02,22:47:07,H,4.50,66.10
2022-12-02,22:47:17,H,4.50,66.10
2022-12-02,22:47:27,H,4.50,66.10
2022-12-02,22:47:37,H,4.60,66.00
2022-12-02,22:47:47,H,4.50,66.00
2022-12-02,22:47:57,H,4.50,66.00
2022-12-02,22:48:07,H,4.50,66.00
2022-12-02,22:48:17,H,4.50,66.00
2022-12-02,22:48:27,H,4.50,66.00
2022-12-02,22:48:37,H,4.50,66.00
2022-12-02,22:48:47,H,4.50,66.00
2022-12-02,22:48:57,H,4.50,66.00
2022-12-02,22:49:07,H,4.50,65.90
2022-12-02,22:49:17,H,4.50,65.90
2022-12-02,22:49:27,H,4.50,65.90
2022-12-02,22:49:37,H,4.50,65.90
2022-12-02,22:49:47,H,4.50,65.90
2022-12-02,22:49:57,H,4.50,65.90
2022-12-02,22:50:07,H,4.50,65.90
2022-12-02,22:50:17,H,4.50,66.00
2022-12-02,22:50:27,H,4.50,66.00
2022-12-02,22:50:37,H,4.50,66.10
2022-12-02,22:50:47,H,4.50,66.00
2022-12-02,22:50:57,H,4.50,66.00
2022-12-02,22:51:07,H,4.50,65.90
2022-12-02,22:51:17,H,4.50,65.70
2022-12-02,22:51:27,H,4.50,65.70
2022-12-02,22:51:37,H,4.50,65.60
2022-12-02,22:51:47,H,4.50,65.60
2022-12-02,22:51:57,H,4.50,65.50
2022-12-02,22:52:07,H,4.50,65.40
2022-12-02,22:52:17,H,4.50,65.30
2022-12-02,22:52:27,H,4.50,65.30
2022-12-02,22:52:37,H,4.50,65.30
2022-12-02,22:52:47,H,4.50,65.30
2022-12-02,22:52:57,H,4.50,65.40
2022-12-02,22:53:07,H,4.40,65.40
2022-12-02,22:53:17,H,4.50,65.30
2022-12-02,22:53:27,H,4.50,65.30
2022-12-02,22:53:37,H,4.40,65.30
2022-12-02,22:53:47,H,4.40,65.30
2022-12-02,22:53:57,H,4.40,65.30
2022-12-02,22:54:07,H,4.40,65.30
2022-12-02,22:54:17,H,4.40,65.30
2022-12-02,22:54:27,H,4.40,65.30
2022-12-02,22:54:37,H,4.40,65.30
2022-12-02,22:54:47,H,4.40,65.30
2022-12-02,22:54:57,H,4.40,65.20
2022-12-02,22:55:07,H,4.40,65.30
2022-12-02,22:55:17,H,4.40,65.30
2022-12-02,22:55:27,H,4.40,65.30
2022-12-02,22:55:37,H,4.40,65.30
2022-12-02,22:55:47,H,4.40,65.30
2022-12-02,22:55:57,H,4.40,65.30
2022-12-02,22:56:07,H,4.40,65.30
2022-12-02,22:56:17,H,4.40,65.30
2022-12-02,22:56:27,H,4.40,65.30
2022-12-02,22:56:37,H,4.40,65.20
2022-12-02,22:56:47,H,4.30,65.10
2022-12-02,22:56:57,H,4.30,65.00
2022-12-02,22:57:07,H,4.30,64.80
2022-12-02,22:57:17,H,4.30,64.70
2022-12-02,22:57:27,H,4.30,64.70
2022-12-02,22:57:37,H,4.30,64.60
2022-12-02,22:57:47,H,4.30,64.60
2022-12-02,22:57:57,H,4.30,64.70
2022-12-02,22:58:07,H,4.30,64.70
2022-12-02,22:58:17,H,4.30,64.70
2022-12-02,22:58:27,H,4.30,64.80
2022-12-02,22:58:37,H,4.30,64.90
2022-12-02,22:58:47,H,4.30,65.00
2022-12-02,22:58:57,H,4.30,65.10
2022-12-02,22:59:07,H,4.30,65.20
2022-12-02,22:59:17,H,4.30,65.30
2022-12-02,22:59:27,H,4.30,65.40
2022-12-02,22:59:37,H,4.20,65.30
2022-12-02,22:59:47,H,4.20,65.40
2022-12-02,22:59:57,H,4.20,65.30
2022-12-02,23:00:07,H,4.20,65.30
2022-12-02,23:00:17,H,4.20,65.30
2022-12-02,23:00:27,H,4.20,65.30
2022-12-02,23:00:37,H,4.20,65.30
2022-12-02,23:00:47,H,4.20,65.30
2022-12-02,23:00:57,H,4.20,65.30
2022-12-02,23:01:07,H,4.20,65.30
2022-12-02,23:01:17,H,4.20,65.10
2022-12-02,23:01:27,H,4.20,65.00
2022-12-02,23:01:37,H,4.20,65.00
2022-12-02,23:01:47,H,4.20,65.00
2022-12-02,23:01:57,H,4.20,65.00
2022-12-02,23:02:07,H,4.20,65.00
2022-12-02,23:02:17,H,4.20,65.00
2022-12-02,23:02:27,H,4.20,65.00
2022-12-02,23:02:37,H,4.20,65.00
2022-12-02,23:02:47,H,4.20,65.10
2022-12-02,23:02:57,H,4.20,65.20
2022-12-02,23:03:07,H,4.20,65.20
2022-12-02,23:03:17,H,4.20,65.20
2022-12-02,23:03:27,H,4.20,65.10
2022-12-02,23:03:37,H,4.20,65.10
2022-12-02,23:03:47,H,4.20,65.20
2022-12-02,23:03:57,H,4.20,65.10
2022-12-02,23:04:07,H,4.20,65.10
2022-12-02,23:04:17,H,4.10,65.10
2022-12-02,23:04:27,H,4.10,65.00
2022-12-02,23:04:37,H,4.10,65.00
2022-12-02,23:04:47,H,4.10,65.00
2022-12-02,23:04:57,H,4.10,65.00
2022-12-02,23:05:07,H,4.10,65.10
2022-12-02,23:05:17,H,4.10,65.20
2022-12-02,23:05:27,H,4.10,65.20
2022-12-02,23:05:37,H,4.10,65.20
2022-12-02,23:05:47,H,4.10,65.30
2022-12-02,23:05:57,H,4.10,65.30
2022-12-02,23:06:07,H,4.10,65.30
2022-12-02,23:06:17,H,4.20,65.30
2022-12-02,23:06:27,H,4.10,65.30
2022-12-02,23:06:37,H,4.20,65.20
2022-12-02,23:06:47,H,4.20,65.20
2022-12-02,23:06:57,H,4.20,65.10
2022-12-02,23:07:07,H,4.10,65.10
2022-12-02,23:07:17,H,4.10,65.10
2022-12-02,23:07:27,H,4.20,65.20
2022-12-02,23:07:37,H,4.10,65.20
2022-12-02,23:07:47,H,4.10,65.30
2022-12-02,23:07:57,H,4.10,65.30
2022-12-02,23:08:07,H,4.10,65.40
2022-12-02,23:08:17,H,4.20,65.40
2022-12-02,23:08:27,H,4.10,65.40
2022-12-02,23:08:37,H,4.20,65.40
2022-12-02,23:08:47,H,4.10,65.50
2022-12-02,23:08:57,H,4.10,65.50
2022-12-02,23:09:07,H,4.10,65.50
2022-12-02,23:09:17,H,4.10,65.50
2022-12-02,23:09:27,H,4.10,65.50
2022-12-02,23:09:37,H,4.10,65.50
2022-12-02,23:09:47,H,4.10,65.50
2022-12-02,23:09:57,H,4.10,65.50
2022-12-02,23:10:07,H,4.10,65.50
2022-12-02,23:10:17,H,4.10,65.50
2022-12-02,23:10:27,H,4.10,65.50
2022-12-02,23:10:37,H,4.10,65.50
2022-12-02,23:10:47,H,4.10,65.50
2022-12-02,23:10:57,H,4.10,65.50
2022-12-02,23:11:07,H,4.10,65.50
2022-12-02,23:11:17,H,4.10,65.40
2022-12-02,23:11:27,H,4.10,65.40
2022-12-02,23:11:37,H,4.10,65.40
2022-12-02,23:11:47,H,4.10,65.40
2022-12-02,23:11:57,H,4.10,65.40
2022-12-02,23:12:07,H,4.10,65.50
2022-12-02,23:12:17,H,4.10,65.50
2022-12-02,23:12:27,H,4.10,65.50
2022-12-02,23:12:37,H,4.10,65.50
2022-12-02,23:12:47,H,4.10,65.50
2022-12-02,23:12:57,H,4.10,65.50
2022-12-02,23:13:07,H,4.10,65.60
2022-12-02,23:13:17,H,4.10,65.60
2022-12-02,23:13:27,H,4.10,65.60
2022-12-02,23:13:37,H,4.10,65.60
2022-12-02,23:13:47,H,4.10,65.60
2022-12-02,23:13:57,H,4.10,65.60
2022-12-02,23:14:07,H,4.10,65.50
2022-12-02,23:14:17,H,4.10,65.40
2022-12-02,23:14:27,H,4.10,65.40
2022-12-02,23:14:37,H,4.10,65.30
2022-12-02,23:14:47,H,4.10,65.30
2022-12-02,23:14:57,H,4.10,65.30
2022-12-02,23:15:07,H,4.10,65.30
2022-12-02,23:15:17,H,4.10,65.40
2022-12-02,23:15:27,H,4.10,65.40
2022-12-02,23:15:37,H,4.10,65.40
2022-12-02,23:15:47,H,4.10,65.50
2022-12-02,23:15:57,H,4.10,65.50
2022-12-02,23:16:07,H,4.10,65.50
2022-12-02,23:16:17,H,4.10,65.50
2022-12-02,23:16:27,H,4.10,65.50
2022-12-02,23:16:37,H,4.10,65.50
2022-12-02,23:16:47,H,4.10,65.50
2022-12-02,23:16:57,H,4.10,65.50
2022-12-02,23:17:07,H,4.10,65.40
2022-12-02,23:17:17,H,4.10,65.40
2022-12-02,23:17:27,H,4.10,65.40
2022-12-02,23:17:37,H,4.10,65.40
2022-12-02,23:17:47,H,4.10,65.40
2022-12-02,23:17:57,H,4.10,65.40
2022-12-02,23:18:07,H,4.10,65.40
2022-12-02,23:18:17,H,4.10,65.40
2022-12-02,23:18:27,H,4.10,65.40
2022-12-02,23:18:37,H,4.10,65.40
2022-12-02,23:18:47,H,4.10,65.50
2022-12-02,23:18:57,H,4.10,65.50
2022-12-02,23:19:07,H,4.10,65.40
2022-12-02,23:19:17,H,4.10,65.40
2022-12-02,23:19:27,H,4.10,65.40
2022-12-02,23:19:37,H,4.10,65.40
2022-12-02,23:19:47,H,4.10,65.40
2022-12-02,23:19:57,H,4.10,65.30
2022-12-02,23:20:07,H,4.10,65.40
2022-12-02,23:20:17,H,4.10,65.30
2022-12-02,23:20:27,H,4.10,65.40
2022-12-02,23:20:37,H,4.10,65.40
2022-12-02,23:20:47,H,4.10,65.40
2022-12-02,23:20:57,H,4.10,65.40
2022-12-02,23:21:07,H,4.10,65.40
2022-12-02,23:21:17,H,4.10,65.40
2022-12-02,23:21:27,H,4.20,65.40
2022-12-02,23:21:37,H,4.20,65.40
2022-12-02,23:21:47,H,4.20,65.50
2022-12-02,23:21:57,H,4.20,65.50
2022-12-02,23:22:07,H,4.20,65.50
2022-12-02,23:22:17,H,4.20,65.40
2022-12-02,23:22:27,H,4.20,65.40
2022-12-02,23:22:37,H,4.20,65.40
2022-12-02,23:22:47,H,4.20,65.40
2022-12-02,23:22:57,H,4.20,65.50
2022-12-02,23:23:07,H,4.20,65.50
2022-12-02,23:23:17,H,4.20,65.60
2022-12-02,23:23:27,H,4.20,65.60
2022-12-02,23:23:37,H,4.20,65.50
2022-12-02,23:23:47,H,4.20,65.50
2022-12-02,23:23:57,H,4.20,65.60
2022-12-02,23:24:07,H,4.20,65.60
2022-12-02,23:24:17,H,4.20,65.60
2022-12-02,23:24:27,H,4.20,65.60
2022-12-02,23:24:37,H,4.20,65.60
2022-12-02,23:24:47,H,4.20,65.50
2022-12-02,23:24:57,H,4.20,65.50
2022-12-02,23:25:07,H,4.20,65.50
2022-12-02,23:25:17,H,4.20,65.50
2022-12-02,23:25:27,H,4.20,65.50
2022-12-02,23:25:37,H,4.20,65.50
2022-12-02,23:25:47,H,4.20,65.50
2022-12-02,23:25:57,H,4.20,65.40
2022-12-02,23:26:07,H,4.20,65.40
2022-12-02,23:26:17,H,4.20,65.40
2022-12-02,23:26:27,H,4.20,65.50
2022-12-02,23:26:37,H,4.30,65.40
2022-12-02,23:26:47,H,4.20,65.40
2022-12-02,23:26:57,H,4.30,65.40
2022-12-02,23:27:07,H,4.20,65.40
2022-12-02,23:27:17,H,4.30,65.50
2022-12-02,23:27:27,H,4.20,65.50
2022-12-02,23:27:37,H,4.30,65.50
2022-12-02,23:27:47,H,4.30,65.60
2022-12-02,23:27:57,H,4.30,65.60
2022-12-02,23:28:07,H,4.30,65.60
2022-12-02,23:28:17,H,4.30,65.60
2022-12-02,23:28:27,H,4.30,65.60
2022-12-02,23:28:37,H,4.30,65.70
2022-12-02,23:28:47,H,4.30,65.80
2022-12-02,23:28:57,H,4.30,65.80
2022-12-02,23:29:07,H,4.30,65.90
2022-12-02,23:29:17,H,4.30,65.90
2022-12-02,23:29:27,H,4.30,66.00
2022-12-02,23:29:37,H,4.30,66.00
2022-12-02,23:29:47,H,4.30,66.00
2022-12-02,23:29:57,H,4.30,66.10
2022-12-02,23:30:07,H,4.30,66.10
2022-12-02,23:30:17,H,4.30,66.00
2022-12-02,23:30:27,H,4.30,65.90
2022-12-02,23:30:37,H,4.30,65.90
2022-12-02,23:30:47,H,4.30,65.80
2022-12-02,23:30:57,H,4.30,65.90
2022-12-02,23:31:07,H,4.30,65.90
2022-12-02,23:31:17,H,4.30,65.90
2022-12-02,23:31:27,H,4.40,65.90
2022-12-02,23:31:37,H,4.30,65.80
2022-12-02,23:31:47,H,4.40,65.80
2022-12-02,23:31:57,H,4.40,65.80
2022-12-02,23:32:07,H,4.40,65.80
2022-12-02,23:32:17,H,4.40,65.80
2022-12-02,23:32:27,H,4.40,65.90
2022-12-02,23:32:37,H,4.40,65.90
2022-12-02,23:32:47,H,4.40,65.90
2022-12-02,23:32:57,H,4.40,65.90
2022-12-02,23:33:07,H,4.40,66.00
2022-12-02,23:33:17,H,4.40,66.10
2022-12-02,23:33:27,H,4.40,66.10
2022-12-02,23:33:37,H,4.40,66.10
2022-12-02,23:33:47,H,4.40,66.20
2022-12-02,23:33:57,H,4.40,66.20
2022-12-02,23:34:07,H,4.40,66.20
2022-12-02,23:34:17,H,4.40,66.20
2022-12-02,23:34:27,H,4.40,66.10
2022-12-02,23:34:37,H,4.40,66.20
2022-12-02,23:34:47,H,4.40,66.20
2022-12-02,23:34:57,H,4.40,66.20
2022-12-02,23:35:07,H,4.40,66.30
2022-12-02,23:35:17,H,4.40,66.40
2022-12-02,23:35:27,H,4.40,66.40
2022-12-02,23:35:37,H,4.40,66.40
2022-12-02,23:35:47,H,4.40,66.40
2022-12-02,23:35:57,H,4.40,66.40
2022-12-02,23:36:07,H,4.40,66.50
2022-12-02,23:36:17,H,4.40,66.50
2022-12-02,23:36:27,H,4.40,66.50
2022-12-02,23:36:37,H,4.40,66.50
2022-12-02,23:36:47,H,4.40,66.30
2022-12-02,23:36:57,H,4.40,66.10
2022-12-02,23:37:07,H,4.40,65.60
2022-12-02,23:37:17,H,4.40,65.00
2022-12-02,23:37:27,H,4.40,64.40
2022-12-02,23:37:37,H,4.40,64.10
2022-12-02,23:37:47,H,4.40,63.90
2022-12-02,23:37:57,H,4.40,63.50
2022-12-02,23:38:07,H,4.40,63.30
2022-12-02,23:38:17,H,4.40,63.50
2022-12-02,23:38:27,H,4.30,63.70
2022-12-02,23:38:37,H,4.30,63.50
2022-12-02,23:38:47,H,4.30,63.40
2022-12-02,23:38:57,H,4.30,63.50
2022-12-02,23:39:07,H,4.30,63.40
2022-12-02,23:39:17,H,4.30,63.10
2022-12-02,23:39:27,H,4.30,63.00
2022-12-02,23:39:37,H,4.20,63.10
2022-12-02,23:39:47,H,4.20,63.60
2022-12-02,23:39:57,H,4.20,64.20
2022-12-02,23:40:07,H,4.20,64.90
2022-12-02,23:40:17,H,4.20,65.30
2022-12-02,23:40:27,H,4.20,65.80
2022-12-02,23:40:37,H,4.20,66.10
2022-12-02,23:40:47,H,4.20,66.40
2022-12-02,23:40:57,H,4.20,66.50
2022-12-02,23:41:07,H,4.20,66.70
2022-12-02,23:41:17,H,4.20,66.80
2022-12-02,23:41:27,H,4.30,66.90
2022-12-02,23:41:37,H,4.20,66.90
2022-12-02,23:41:47,H,4.30,66.90
2022-12-02,23:41:57,H,4.30,66.90
2022-12-02,23:42:07,H,4.30,66.90
2022-12-02,23:42:17,H,4.30,66.90
2022-12-02,23:42:27,H,4.30,67.00
2022-12-02,23:42:37,H,4.30,67.00
2022-12-02,23:42:47,H,4.30,67.00
2022-12-02,23:42:57,H,4.30,67.00
2022-12-02,23:43:07,H,4.30,67.00
2022-12-02,23:43:17,H,4.30,67.00
2022-12-02,23:43:27,H,4.30,67.00
2022-12-02,23:43:37,H,4.30,66.90
2022-12-02,23:43:47,H,4.30,66.90
2022-12-02,23:43:57,H,4.30,66.90
2022-12-02,23:44:07,H,4.30,66.90
2022-12-02,23:44:17,H,4.40,66.90
2022-12-02,23:44:27,H,4.40,66.90
2022-12-02,23:44:37,H,4.40,66.90
2022-12-02,23:44:47,H,4.40,66.90
2022-12-02,23:44:57,H,4.40,66.90
2022-12-02,23:45:07,H,4.40,66.90
2022-12-02,23:45:17,H,4.40,66.90
2022-12-02,23:45:27,H,4.40,66.90
2022-12-02,23:45:37,H,4.40,66.90
2022-12-02,23:45:47,H,4.40,66.90
2022-12-02,23:45:57,H,4.40,66.90
2022-12-02,23:46:07,H,4.40,66.90
2022-12-02,23:46:17,H,4.40,66.90
2022-12-02,23:46:27,H,4.40,67.00
2022-12-02,23:46:37,H,4.40,67.00
2022-12-02,23:46:47,H,4.40,67.00
2022-12-02,23:46:57,H,4.40,67.00
2022-12-02,23:47:07,H,4.40,67.10
2022-12-02,23:47:17,H,4.40,67.10
2022-12-02,23:47:27,H,4.40,67.10
2022-12-02,23:47:37,H,4.40,67.10
2022-12-02,23:47:47,H,4.40,67.10
2022-12-02,23:47:57,H,4.40,67.10
2022-12-02,23:48:07,H,4.40,67.10
2022-12-02,23:48:17,H,4.40,67.10
2022-12-02,23:48:27,H,4.40,67.10
2022-12-02,23:48:37,H,4.50,67.10
2022-12-02,23:48:47,H,4.50,67.00
2022-12-02,23:48:57,H,4.50,67.00
2022-12-02,23:49:07,H,4.50,67.00
2022-12-02,23:49:17,H,4.50,67.10
2022-12-02,23:49:27,H,4.50,67.10
2022-12-02,23:49:37,H,4.50,67.20
2022-12-02,23:49:47,H,4.50,67.10
2022-12-02,23:49:57,H,4.50,67.10
2022-12-02,23:50:07,H,4.50,67.10
2022-12-02,23:50:17,H,4.50,67.10
2022-12-02,23:50:27,H,4.50,67.10
2022-12-02,23:50:37,H,4.50,67.10
2022-12-02,23:50:47,H,4.50,67.00
2022-12-02,23:50:57,H,4.50,67.00
2022-12-02,23:51:07,H,4.50,66.80
2022-12-02,23:51:17,H,4.50,66.50
2022-12-02,23:51:27,H,4.50,66.20
2022-12-02,23:51:37,H,4.50,65.90
2022-12-02,23:51:47,H,4.50,65.60
2022-12-02,23:51:57,H,4.50,65.30
2022-12-02,23:52:07,H,4.50,65.10
2022-12-02,23:52:17,H,4.50,65.40
2022-12-02,23:52:27,H,4.50,65.80
2022-12-02,23:52:37,H,4.50,66.20
2022-12-02,23:52:47,H,4.50,66.50
2022-12-02,23:52:57,H,4.40,66.70
2022-12-02,23:53:07,H,4.40,66.80
2022-12-02,23:53:17,H,4.50,67.00
2022-12-02,23:53:27,H,4.50,67.10
2022-12-02,23:53:37,H,4.50,67.20
2022-12-02,23:53:47,H,4.50,67.20
2022-12-02,23:53:57,H,4.50,67.30
2022-12-02,23:54:07,H,4.50,67.20
2022-12-02,23:54:17,H,4.50,67.20
2022-12-02,23:54:27,H,4.50,67.20
2022-12-02,23:54:37,H,4.50,67.20
2022-12-02,23:54:47,H,4.50,67.20
2022-12-02,23:54:57,H,4.50,67.20
2022-12-02,23:55:07,H,4.50,67.20
2022-12-02,23:55:17,H,4.50,67.20
2022-12-02,23:55:27,H,4.50,67.20
2022-12-02,23:55:37,H,4.50,67.20
2022-12-02,23:55:47,H,4.50,67.20
2022-12-02,23:55:57,H,4.50,67.30
2022-12-02,23:56:07,H,4.50,67.30
2022-12-02,23:56:17,H,4.50,67.30
2022-12-02,23:56:27,H,4.50,67.30
2022-12-02,23:56:37,H,4.50,67.30
2022-12-02,23:56:47,H,4.50,67.30
2022-12-02,23:56:57,H,4.50,67.30
2022-12-02,23:57:07,H,4.50,67.30
2022-12-02,23:57:17,H,4.50,67.30
2022-12-02,23:57:27,H,4.50,67.30
2022-12-02,23:57:37,H,4.50,67.30
2022-12-02,23:57:47,H,4.50,67.30
2022-12-02,23:57:57,H,4.50,67.30
2022-12-02,23:58:07,H,4.50,67.30
2022-12-02,23:58:17,H,4.50,67.30
2022-12-02,23:58:27,H,4.50,67.30
2022-12-02,23:58:37,H,4.50,67.30
2022-12-02,23:58:47,H,4.50,67.30
2022-12-02,23:58:57,H,4.60,67.30
2022-12-02,23:59:07,H,4.50,67.30
2022-12-02,23:59:17,H,4.50,67.30
2022-12-02,23:59:27,H,4.50,67.30
2022-12-02,23:59:37,H,4.50,67.30
2022-12-02,23:59:47,H,4.60,67.30
2022-12-02,23:59:57,H,4.50,67.30
