날짜,시간,오류 값,온도,습도
2022-12-13,00:00:07,H,6.30,67.90
2022-12-13,00:00:17,H,6.30,67.90
2022-12-13,00:00:27,H,6.30,67.90
2022-12-13,00:00:37,H,6.30,67.90
2022-12-13,00:00:47,H,6.30,67.90
2022-12-13,00:00:57,H,6.30,68.00
2022-12-13,00:01:07,H,6.30,68.00
2022-12-13,00:01:17,H,6.30,68.00
2022-12-13,00:01:27,H,6.30,68.00
2022-12-13,00:01:37,H,6.30,68.00
2022-12-13,00:01:47,H,6.30,68.00
2022-12-13,00:01:57,H,6.30,68.00
2022-12-13,00:02:07,H,6.30,68.00
2022-12-13,00:02:17,H,6.30,68.00
2022-12-13,00:02:27,H,6.30,68.10
2022-12-13,00:02:37,H,6.30,68.10
2022-12-13,00:02:47,H,6.30,67.90
2022-12-13,00:02:57,H,6.30,67.70
2022-12-13,00:03:07,H,6.30,67.40
2022-12-13,00:03:17,H,6.30,67.50
2022-12-13,00:03:27,H,6.30,67.70
2022-12-13,00:03:37,H,6.30,67.80
2022-12-13,00:03:47,H,6.30,67.50
2022-12-13,00:03:57,H,6.30,67.20
2022-12-13,00:04:07,H,6.30,67.00
2022-12-13,00:04:17,H,6.30,67.00
2022-12-13,00:04:27,H,6.30,66.90
2022-12-13,00:04:37,H,6.30,66.70
2022-12-13,00:04:47,H,6.30,66.70
2022-12-13,00:04:57,H,6.30,66.90
2022-12-13,00:05:07,H,6.30,67.00
2022-12-13,00:05:17,H,6.30,67.10
2022-12-13,00:05:27,H,6.30,67.20
2022-12-13,00:05:37,H,6.30,67.00
2022-12-13,00:05:47,H,6.30,66.90
2022-12-13,00:05:57,H,6.30,67.10
2022-12-13,00:06:07,H,6.30,67.30
2022-12-13,00:06:17,H,6.30,67.30
2022-12-13,00:06:27,H,6.30,67.40
2022-12-13,00:06:37,H,6.30,67.50
2022-12-13,00:06:47,H,6.30,67.40
2022-12-13,00:06:57,H,6.30,67.50
2022-12-13,00:07:07,H,6.30,67.60
2022-12-13,00:07:17,H,6.30,67.50
2022-12-13,00:07:27,H,6.30,67.40
2022-12-13,00:07:37,H,6.30,67.30
2022-12-13,00:07:47,H,6.30,67.30
2022-12-13,00:07:57,H,6.30,67.50
2022-12-13,00:08:07,H,6.20,67.40
2022-12-13,00:08:17,H,6.30,67.10
2022-12-13,00:08:27,H,6.20,66.60
2022-12-13,00:08:37,H,6.20,66.30
2022-12-13,00:08:47,H,6.20,66.60
2022-12-13,00:08:57,H,6.20,66.40
2022-12-13,00:09:07,H,6.20,66.90
2022-12-13,00:09:17,H,6.20,67.40
2022-12-13,00:09:27,H,6.20,67.60
2022-12-13,00:09:37,H,6.20,67.60
2022-12-13,00:09:47,H,6.20,67.70
2022-12-13,00:09:57,H,6.20,67.90
2022-12-13,00:10:17,H,6.20,67.80
2022-12-13,00:10:27,H,6.20,67.80
2022-12-13,00:10:37,H,6.20,67.60
2022-12-13,00:10:47,H,6.20,67.60
2022-12-13,00:10:57,H,6.20,67.80
2022-12-13,00:11:07,H,6.20,67.60
2022-12-13,00:11:17,H,6.20,67.40
2022-12-13,00:11:27,H,6.20,67.50
2022-12-13,00:11:37,H,6.20,67.50
2022-12-13,00:11:47,H,6.20,67.40
2022-12-13,00:11:57,H,6.20,67.20
2022-12-13,00:12:07,H,6.20,67.20
2022-12-13,00:12:17,H,6.20,67.30
2022-12-13,00:12:27,H,6.20,67.50
2022-12-13,00:12:37,H,6.20,67.80
2022-12-13,00:12:47,H,6.10,68.00
2022-12-13,00:12:57,H,6.10,68.10
2022-12-13,00:13:07,H,6.20,67.90
2022-12-13,00:13:17,H,6.10,67.80
2022-12-13,00:13:27,H,6.20,67.70
2022-12-13,00:13:37,H,6.10,67.80
2022-12-13,00:13:47,H,6.10,67.90
2022-12-13,00:13:57,H,6.20,68.00
2022-12-13,00:14:07,H,6.20,68.10
2022-12-13,00:14:17,H,6.20,68.00
2022-12-13,00:14:27,H,6.20,67.40
2022-12-13,00:14:37,H,6.20,66.60
2022-12-13,00:14:47,H,6.10,66.20
2022-12-13,00:14:57,H,6.10,66.30
2022-12-13,00:15:07,H,6.10,66.70
2022-12-13,00:15:17,H,6.10,67.10
2022-12-13,00:15:27,H,6.10,67.50
2022-12-13,00:15:37,H,6.10,67.70
2022-12-13,00:15:47,H,6.10,67.80
2022-12-13,00:15:57,H,6.10,67.70
2022-12-13,00:16:07,H,6.10,67.60
2022-12-13,00:16:17,H,6.10,67.20
2022-12-13,00:16:27,H,6.10,67.20
2022-12-13,00:16:37,H,6.10,67.40
2022-12-13,00:16:47,H,6.10,67.60
2022-12-13,00:16:57,H,6.10,67.70
2022-12-13,00:17:07,H,6.10,67.90
2022-12-13,00:17:17,H,6.10,68.00
2022-12-13,00:17:27,H,6.10,67.90
2022-12-13,00:17:37,H,6.10,67.80
2022-12-13,00:17:47,H,6.20,67.90
2022-12-13,00:17:57,H,6.20,67.90
2022-12-13,00:18:07,H,6.20,67.90
2022-12-13,00:18:17,H,6.20,68.00
2022-12-13,00:18:27,H,6.20,68.00
2022-12-13,00:18:37,H,6.20,68.00
2022-12-13,00:18:47,H,6.20,68.10
2022-12-13,00:18:57,H,6.20,68.10
2022-12-13,00:19:07,H,6.20,67.90
2022-12-13,00:19:17,H,6.20,67.60
2022-12-13,00:19:27,H,6.20,67.20
2022-12-13,00:19:37,H,6.20,66.90
2022-12-13,00:19:47,H,6.20,66.50
2022-12-13,00:19:57,H,6.20,66.10
2022-12-13,00:20:07,H,6.10,66.30
2022-12-13,00:20:17,H,6.10,66.40
2022-12-13,00:20:27,H,6.10,66.70
2022-12-13,00:20:37,H,6.10,66.80
2022-12-13,00:20:47,H,6.10,67.10
2022-12-13,00:20:57,H,6.10,67.50
2022-12-13,00:21:07,H,6.10,67.70
2022-12-13,00:21:17,H,6.10,67.80
2022-12-13,00:21:27,H,6.10,67.90
2022-12-13,00:21:37,H,6.10,68.00
2022-12-13,00:21:47,H,6.10,68.00
2022-12-13,00:21:57,H,6.20,68.10
2022-12-13,00:22:07,H,6.20,68.10
2022-12-13,00:22:17,H,6.20,68.20
2022-12-13,00:22:27,H,6.20,68.20
2022-12-13,00:22:37,H,6.20,68.20
2022-12-13,00:22:47,H,6.20,68.00
2022-12-13,00:22:57,H,6.20,68.00
2022-12-13,00:23:07,H,6.20,68.00
2022-12-13,00:23:17,H,6.20,68.00
2022-12-13,00:23:27,H,6.20,68.00
2022-12-13,00:23:37,H,6.20,67.80
2022-12-13,00:23:47,H,6.20,67.70
2022-12-13,00:23:57,H,6.20,67.70
2022-12-13,00:24:07,H,6.20,67.90
2022-12-13,00:24:17,H,6.20,68.00
2022-12-13,00:24:27,H,6.20,68.10
2022-12-13,00:24:37,H,6.20,68.10
2022-12-13,00:24:47,H,6.20,68.20
2022-12-13,00:24:57,H,6.20,68.20
2022-12-13,00:25:07,H,6.20,68.20
2022-12-13,00:25:17,H,6.20,68.20
2022-12-13,00:25:27,H,6.20,68.20
2022-12-13,00:25:37,H,6.20,68.00
2022-12-13,00:25:47,H,6.20,67.50
2022-12-13,00:25:57,H,6.20,66.70
2022-12-13,00:26:07,H,6.20,66.60
2022-12-13,00:26:17,H,6.20,66.80
2022-12-13,00:26:27,H,6.20,66.80
2022-12-13,00:26:37,H,6.20,66.90
2022-12-13,00:26:47,H,6.20,67.30
2022-12-13,00:26:57,H,6.20,67.70
2022-12-13,00:27:07,H,6.20,67.70
2022-12-13,00:27:17,H,6.20,67.50
2022-12-13,00:27:27,H,6.20,67.50
2022-12-13,00:27:37,H,6.20,67.50
2022-12-13,00:27:47,H,6.20,67.50
2022-12-13,00:27:57,H,6.20,67.50
2022-12-13,00:28:07,H,6.20,67.60
2022-12-13,00:28:17,H,6.20,67.50
2022-12-13,00:28:27,H,6.20,67.30
2022-12-13,00:28:37,H,6.10,67.00
2022-12-13,00:28:47,H,6.20,66.80
2022-12-13,00:28:57,H,6.20,66.90
2022-12-13,00:29:07,H,6.10,66.80
2022-12-13,00:29:17,H,6.10,67.00
2022-12-13,00:29:27,H,6.20,67.30
2022-12-13,00:29:37,H,6.20,67.60
2022-12-13,00:29:47,H,6.10,67.60
2022-12-13,00:29:57,H,6.10,67.30
2022-12-13,00:30:07,H,6.10,67.30
2022-12-13,00:30:17,H,6.10,67.30
2022-12-13,00:30:27,H,6.10,67.10
2022-12-13,00:30:37,H,6.10,67.10
2022-12-13,00:30:47,H,6.10,67.10
2022-12-13,00:30:57,H,6.10,66.90
2022-12-13,00:31:07,H,6.10,66.80
2022-12-13,00:31:17,H,6.10,66.70
2022-12-13,00:31:27,H,6.10,66.40
2022-12-13,00:31:37,H,6.10,66.40
2022-12-13,00:31:47,H,6.10,66.60
2022-12-13,00:31:57,H,6.10,67.00
2022-12-13,00:32:07,H,6.10,67.30
2022-12-13,00:32:17,H,6.10,67.20
2022-12-13,00:32:27,H,6.10,66.90
2022-12-13,00:32:37,H,6.10,66.70
2022-12-13,00:32:47,H,6.10,66.70
2022-12-13,00:32:57,H,6.10,67.10
2022-12-13,00:33:07,H,6.10,67.20
2022-12-13,00:33:17,H,6.10,67.50
2022-12-13,00:33:27,H,6.10,67.70
2022-12-13,00:33:37,H,6.10,67.80
2022-12-13,00:33:47,H,6.10,67.70
2022-12-13,00:33:57,H,6.10,67.70
2022-12-13,00:34:07,H,6.10,67.20
2022-12-13,00:34:17,H,6.10,67.00
2022-12-13,00:34:27,H,6.10,66.90
2022-12-13,00:34:37,H,6.10,67.10
2022-12-13,00:34:47,H,6.10,67.20
2022-12-13,00:34:57,H,6.10,67.00
2022-12-13,00:35:07,H,6.10,66.50
2022-12-13,00:35:17,H,6.00,66.70
2022-12-13,00:35:27,H,6.00,66.80
2022-12-13,00:35:37,H,6.00,66.80
2022-12-13,00:35:47,H,6.00,67.30
2022-12-13,00:35:57,H,6.00,67.60
2022-12-13,00:36:07,H,6.00,67.40
2022-12-13,00:36:17,H,6.00,67.40
2022-12-13,00:36:27,H,6.00,67.60
2022-12-13,00:36:37,H,6.00,67.80
2022-12-13,00:36:47,H,6.00,68.00
2022-12-13,00:36:57,H,6.00,68.00
2022-12-13,00:37:07,H,6.00,67.80
2022-12-13,00:37:17,H,6.00,67.60
2022-12-13,00:37:27,H,6.00,67.50
2022-12-13,00:37:37,H,6.00,67.50
2022-12-13,00:37:47,H,6.00,67.50
2022-12-13,00:37:57,H,6.00,67.60
2022-12-13,00:38:07,H,6.00,67.50
2022-12-13,00:38:17,H,6.00,67.40
2022-12-13,00:38:27,H,6.00,67.60
2022-12-13,00:38:37,H,6.00,67.90
2022-12-13,00:38:47,H,6.00,68.10
2022-12-13,00:38:57,H,6.00,68.20
2022-12-13,00:39:07,H,6.00,68.20
2022-12-13,00:39:17,H,6.00,68.00
2022-12-13,00:39:27,H,6.00,67.50
2022-12-13,00:39:37,H,6.00,67.40
2022-12-13,00:39:47,H,6.00,67.50
2022-12-13,00:39:57,H,6.00,67.70
2022-12-13,00:40:07,H,6.00,67.90
2022-12-13,00:40:17,H,6.00,68.10
2022-12-13,00:40:27,H,6.00,68.30
2022-12-13,00:40:37,H,6.00,68.40
2022-12-13,00:40:47,H,6.00,68.30
2022-12-13,00:40:57,H,6.00,68.30
2022-12-13,00:41:07,H,6.10,68.00
2022-12-13,00:41:17,H,6.10,67.50
2022-12-13,00:41:27,H,6.10,67.40
2022-12-13,00:41:37,H,6.00,67.40
2022-12-13,00:41:47,H,6.10,67.30
2022-12-13,00:41:57,H,6.10,67.00
2022-12-13,00:42:07,H,6.00,67.00
2022-12-13,00:42:17,H,6.00,67.30
2022-12-13,00:42:27,H,6.00,67.70
2022-12-13,00:42:37,H,6.00,68.00
2022-12-13,00:42:47,H,6.10,67.70
2022-12-13,00:42:57,H,6.00,67.60
2022-12-13,00:43:07,H,6.10,67.80
2022-12-13,00:43:17,H,6.10,68.00
2022-12-13,00:43:27,H,6.10,68.20
2022-12-13,00:43:37,H,6.10,68.10
2022-12-13,00:43:47,H,6.10,67.50
2022-12-13,00:43:57,H,6.10,67.50
2022-12-13,00:44:07,H,6.10,67.20
2022-12-13,00:44:17,H,6.10,67.20
2022-12-13,00:44:27,H,6.00,67.20
2022-12-13,00:44:37,H,6.10,67.30
2022-12-13,00:44:47,H,6.10,67.60
2022-12-13,00:44:57,H,6.10,67.80
2022-12-13,00:45:07,H,6.10,67.90
2022-12-13,00:45:17,H,6.10,67.90
2022-12-13,00:45:27,H,6.10,68.00
2022-12-13,00:45:37,H,6.10,67.80
2022-12-13,00:45:47,H,6.10,67.80
2022-12-13,00:45:57,H,6.10,68.00
2022-12-13,00:46:07,H,6.10,67.80
2022-12-13,00:46:17,H,6.10,67.80
2022-12-13,00:46:27,H,6.10,67.70
2022-12-13,00:46:37,H,6.10,67.80
2022-12-13,00:46:47,H,6.10,67.70
2022-12-13,00:46:57,H,6.10,67.40
2022-12-13,00:47:07,H,6.10,67.30
2022-12-13,00:47:17,H,6.10,67.30
2022-12-13,00:47:27,H,6.10,67.40
2022-12-13,00:47:37,H,6.10,67.40
2022-12-13,00:47:47,H,6.10,67.50
2022-12-13,00:47:57,H,6.10,67.40
2022-12-13,00:48:07,H,6.10,67.40
2022-12-13,00:48:17,H,6.10,67.30
2022-12-13,00:48:27,H,6.10,67.50
2022-12-13,00:48:37,H,6.10,67.60
2022-12-13,00:48:47,H,6.10,67.70
2022-12-13,00:48:57,H,6.10,67.80
2022-12-13,00:49:07,H,6.10,68.00
2022-12-13,00:49:17,H,6.10,68.10
2022-12-13,00:49:27,H,6.10,68.00
2022-12-13,00:49:37,H,6.10,67.90
2022-12-13,00:49:47,H,6.10,67.80
2022-12-13,00:49:57,H,6.10,67.70
2022-12-13,00:50:07,H,6.10,67.80
2022-12-13,00:50:17,H,6.10,67.80
2022-12-13,00:50:27,H,6.10,67.70
2022-12-13,00:50:37,H,6.10,67.60
2022-12-13,00:50:47,H,6.00,67.60
2022-12-13,00:50:57,H,6.00,67.20
2022-12-13,00:51:07,H,6.00,67.10
2022-12-13,00:51:17,H,6.00,67.20
2022-12-13,00:51:27,H,6.00,67.50
2022-12-13,00:51:37,H,6.00,67.70
2022-12-13,00:51:47,H,6.00,67.80
2022-12-13,00:51:57,H,6.00,67.60
2022-12-13,00:52:07,H,6.00,67.60
2022-12-13,00:52:17,H,6.00,67.60
2022-12-13,00:52:27,H,6.00,67.40
2022-12-13,00:52:37,H,6.00,67.50
2022-12-13,00:52:47,H,6.00,67.70
2022-12-13,00:52:57,H,6.00,67.70
2022-12-13,00:53:17,H,6.00,67.40
2022-12-13,00:53:27,H,6.00,67.30
2022-12-13,00:53:37,H,6.00,67.20
2022-12-13,00:53:47,H,6.00,67.10
2022-12-13,00:53:57,H,6.00,66.90
2022-12-13,00:54:07,H,6.00,66.70
2022-12-13,00:54:17,H,5.90,66.70
2022-12-13,00:54:27,H,5.90,66.60
2022-12-13,00:54:37,H,5.90,66.70
2022-12-13,00:54:47,H,5.90,66.40
2022-12-13,00:54:57,H,5.90,66.40
2022-12-13,00:55:07,H,5.90,66.50
2022-12-13,00:55:17,H,5.90,67.00
2022-12-13,00:55:27,H,5.90,67.10
2022-12-13,00:55:37,H,5.90,67.10
2022-12-13,00:55:47,H,5.80,67.10
2022-12-13,00:55:57,H,5.80,67.10
2022-12-13,00:56:07,H,5.80,67.30
2022-12-13,00:56:17,H,5.80,67.30
2022-12-13,00:56:27,H,5.80,67.30
2022-12-13,00:56:37,H,5.80,67.30
2022-12-13,00:56:47,H,5.80,67.20
2022-12-13,00:56:57,H,5.80,67.10
2022-12-13,00:57:07,H,5.80,67.10
2022-12-13,00:57:17,H,5.80,67.10
2022-12-13,00:57:27,H,5.80,67.00
2022-12-13,00:57:37,H,5.80,67.00
2022-12-13,00:57:47,H,5.80,67.10
2022-12-13,00:57:57,H,5.80,67.20
2022-12-13,00:58:07,H,5.80,67.30
2022-12-13,00:58:17,H,5.80,67.40
2022-12-13,00:58:27,H,5.80,67.50
2022-12-13,00:58:37,H,5.80,67.40
2022-12-13,00:58:47,H,5.80,67.50
2022-12-13,00:58:57,H,5.80,67.50
2022-12-13,00:59:07,H,5.80,67.50
2022-12-13,00:59:17,H,5.80,67.50
2022-12-13,00:59:27,H,5.70,67.60
2022-12-13,00:59:37,H,5.80,67.70
2022-12-13,00:59:47,H,5.80,67.90
2022-12-13,00:59:57,H,5.70,67.50
2022-12-13,01:00:07,H,5.80,67.10
2022-12-13,01:00:17,H,5.80,67.10
2022-12-13,01:00:27,H,5.70,67.40
2022-12-13,01:00:37,H,5.80,67.60
2022-12-13,01:00:47,H,5.70,67.70
2022-12-13,01:00:57,H,5.70,67.60
2022-12-13,01:01:07,H,5.70,67.50
2022-12-13,01:01:17,H,5.70,67.40
2022-12-13,01:01:27,H,5.70,67.50
2022-12-13,01:01:37,H,5.70,67.60
2022-12-13,01:01:47,H,5.80,67.60
2022-12-13,01:01:57,H,5.70,67.70
2022-12-13,01:02:07,H,5.70,67.80
2022-12-13,01:02:17,H,5.70,67.70
2022-12-13,01:02:27,H,5.70,67.90
2022-12-13,01:02:37,H,5.70,68.00
2022-12-13,01:02:47,H,5.80,68.00
2022-12-13,01:02:57,H,5.80,67.50
2022-12-13,01:03:07,H,5.70,67.10
2022-12-13,01:03:17,H,5.70,67.20
2022-12-13,01:03:27,H,5.70,67.30
2022-12-13,01:03:37,H,5.70,67.10
2022-12-13,01:03:47,H,5.70,67.20
2022-12-13,01:03:57,H,5.70,67.10
2022-12-13,01:04:07,H,5.70,67.00
2022-12-13,01:04:17,H,5.70,66.90
2022-12-13,01:04:27,H,5.70,66.80
2022-12-13,01:04:37,H,5.70,66.80
2022-12-13,01:04:47,H,5.70,66.80
2022-12-13,01:04:57,H,5.70,67.00
2022-12-13,01:05:17,H,5.70,67.00
2022-12-13,01:05:27,H,5.70,67.10
2022-12-13,01:05:37,H,5.70,67.30
2022-12-13,01:05:47,H,5.70,67.20
2022-12-13,01:05:57,H,5.60,67.20
2022-12-13,01:06:07,H,5.70,67.20
2022-12-13,01:06:17,H,5.60,67.20
2022-12-13,01:06:27,H,5.60,67.10
2022-12-13,01:06:37,H,5.60,67.10
2022-12-13,01:06:47,H,5.60,67.10
2022-12-13,01:06:57,H,5.60,67.00
2022-12-13,01:07:07,H,5.60,67.00
2022-12-13,01:07:17,H,5.60,66.90
2022-12-13,01:07:27,H,5.60,66.80
2022-12-13,01:07:37,H,5.60,66.70
2022-12-13,01:07:47,H,5.60,66.70
2022-12-13,01:07:57,H,5.60,66.70
2022-12-13,01:08:07,H,5.60,66.90
2022-12-13,01:08:17,H,5.60,67.10
2022-12-13,01:08:27,H,5.60,67.10
2022-12-13,01:08:37,H,5.60,67.20
2022-12-13,01:08:47,H,5.60,67.10
2022-12-13,01:08:57,H,5.60,67.30
2022-12-13,01:09:07,H,5.60,67.40
2022-12-13,01:09:17,H,5.60,67.30
2022-12-13,01:09:27,H,5.60,67.40
2022-12-13,01:09:37,H,5.60,67.40
2022-12-13,01:09:47,H,5.60,67.50
2022-12-13,01:09:57,H,5.60,67.40
2022-12-13,01:10:07,H,5.60,67.40
2022-12-13,01:10:17,H,5.60,67.30
2022-12-13,01:10:27,H,5.60,67.00
2022-12-13,01:10:37,H,5.60,66.90
2022-12-13,01:10:47,H,5.50,66.60
2022-12-13,01:10:57,H,5.50,66.70
2022-12-13,01:11:07,H,5.50,66.90
2022-12-13,01:11:17,H,5.50,67.00
2022-12-13,01:11:27,H,5.50,67.00
2022-12-13,01:11:37,H,5.50,67.20
2022-12-13,01:11:47,H,5.50,67.30
2022-12-13,01:11:57,H,5.50,67.40
2022-12-13,01:12:07,H,5.50,67.40
2022-12-13,01:12:17,H,5.50,67.20
2022-12-13,01:12:27,H,5.50,67.20
2022-12-13,01:12:37,H,5.50,67.10
2022-12-13,01:12:47,H,5.50,67.10
2022-12-13,01:12:57,H,5.50,67.00
2022-12-13,01:13:07,H,5.50,66.70
2022-12-13,01:13:17,H,5.50,66.70
2022-12-13,01:13:27,H,5.50,66.90
2022-12-13,01:13:37,H,5.50,67.10
2022-12-13,01:13:47,H,5.50,67.30
2022-12-13,01:13:57,H,5.50,67.30
2022-12-13,01:14:07,H,5.40,67.30
2022-12-13,01:14:17,H,5.50,67.30
2022-12-13,01:14:27,H,5.40,67.30
2022-12-13,01:14:37,H,5.50,67.20
2022-12-13,01:14:47,H,5.50,67.20
2022-12-13,01:14:57,H,5.40,67.20
2022-12-13,01:15:07,H,5.50,67.10
2022-12-13,01:15:17,H,5.40,67.00
2022-12-13,01:15:27,H,5.50,66.90
2022-12-13,01:15:37,H,5.40,66.80
2022-12-13,01:15:47,H,5.40,66.90
2022-12-13,01:15:57,H,5.40,66.90
2022-12-13,01:16:07,H,5.40,66.90
2022-12-13,01:16:17,H,5.40,67.00
2022-12-13,01:16:27,H,5.40,67.00
2022-12-13,01:16:37,H,5.40,67.10
2022-12-13,01:16:47,H,5.40,67.10
2022-12-13,01:16:57,H,5.40,66.90
2022-12-13,01:17:07,H,5.40,66.60
2022-12-13,01:17:17,H,5.40,66.60
2022-12-13,01:17:27,H,5.40,66.70
2022-12-13,01:17:37,H,5.40,66.90
2022-12-13,01:17:47,H,5.40,67.00
2022-12-13,01:17:57,H,5.40,67.00
2022-12-13,01:18:07,H,5.40,66.90
2022-12-13,01:18:17,H,5.40,66.80
2022-12-13,01:18:27,H,5.40,66.90
2022-12-13,01:18:37,H,5.40,66.90
2022-12-13,01:18:47,H,5.40,66.80
2022-12-13,01:18:57,H,5.40,66.60
2022-12-13,01:19:07,H,5.40,66.40
2022-12-13,01:19:17,H,5.40,66.40
2022-12-13,01:19:27,H,5.40,66.70
2022-12-13,01:19:37,H,5.40,66.80
2022-12-13,01:19:47,H,5.40,66.90
2022-12-13,01:19:57,H,5.40,67.00
2022-12-13,01:20:07,H,5.40,66.90
2022-12-13,01:20:17,H,5.40,66.90
2022-12-13,01:20:27,H,5.40,66.90
2022-12-13,01:20:37,H,5.40,66.80
2022-12-13,01:20:47,H,5.40,66.90
2022-12-13,01:20:57,H,5.40,66.60
2022-12-13,01:21:07,H,5.40,66.50
2022-12-13,01:21:17,H,5.40,66.60
2022-12-13,01:21:27,H,5.40,66.70
2022-12-13,01:21:37,H,5.40,66.80
2022-12-13,01:21:47,H,5.40,66.90
2022-12-13,01:21:57,H,5.40,66.90
2022-12-13,01:22:07,H,5.40,66.90
2022-12-13,01:22:17,H,5.40,66.90
2022-12-13,01:22:27,H,5.40,66.90
2022-12-13,01:22:37,H,5.40,66.80
2022-12-13,01:22:47,H,5.40,66.70
2022-12-13,01:22:57,H,5.40,66.60
2022-12-13,01:23:07,H,5.40,66.60
2022-12-13,01:23:17,H,5.40,66.60
2022-12-13,01:23:27,H,5.40,66.60
2022-12-13,01:23:37,H,5.40,66.50
2022-12-13,01:23:47,H,5.40,66.10
2022-12-13,01:23:57,H,5.40,66.00
2022-12-13,01:24:07,H,5.40,66.10
2022-12-13,01:24:17,H,5.40,66.30
2022-12-13,01:24:27,H,5.40,66.50
2022-12-13,01:24:47,H,5.40,66.50
2022-12-13,01:24:57,H,5.40,66.40
2022-12-13,01:25:07,H,5.40,66.50
2022-12-13,01:25:17,H,5.30,66.50
2022-12-13,01:25:27,H,5.40,66.30
2022-12-13,01:25:37,H,5.40,66.20
2022-12-13,01:25:47,H,5.40,66.00
2022-12-13,01:25:57,H,5.40,65.80
2022-12-13,01:26:07,H,5.30,65.70
2022-12-13,01:26:17,H,5.30,65.70
2022-12-13,01:26:27,H,5.30,66.00
2022-12-13,01:26:37,H,5.30,66.00
2022-12-13,01:26:47,H,5.30,65.90
2022-12-13,01:26:57,H,5.30,66.00
2022-12-13,01:27:07,H,5.30,66.20
2022-12-13,01:27:17,H,5.30,66.30
2022-12-13,01:27:27,H,5.30,66.20
2022-12-13,01:27:37,H,5.30,66.00
2022-12-13,01:27:47,H,5.30,65.80
2022-12-13,01:27:57,H,5.30,65.90
2022-12-13,01:28:07,H,5.30,66.00
2022-12-13,01:28:17,H,5.30,66.10
2022-12-13,01:28:27,H,5.30,66.20
2022-12-13,01:28:37,H,5.30,66.20
2022-12-13,01:28:47,H,5.30,66.20
2022-12-13,01:28:57,H,5.30,66.10
2022-12-13,01:29:07,H,5.30,65.80
2022-12-13,01:29:17,H,5.30,65.70
2022-12-13,01:29:27,H,5.30,65.90
2022-12-13,01:29:37,H,5.30,66.00
2022-12-13,01:29:47,H,5.30,66.00
2022-12-13,01:29:57,H,5.30,66.00
2022-12-13,01:30:07,H,5.30,65.90
2022-12-13,01:30:17,H,5.30,65.80
2022-12-13,01:30:27,H,5.30,65.80
2022-12-13,01:30:37,H,5.30,65.60
2022-12-13,01:30:47,H,5.30,65.60
2022-12-13,01:30:57,H,5.30,65.70
2022-12-13,01:31:07,H,5.30,65.60
2022-12-13,01:31:17,H,5.30,65.70
2022-12-13,01:31:27,H,5.30,65.60
2022-12-13,01:31:37,H,5.30,65.60
2022-12-13,01:31:47,H,5.30,65.60
2022-12-13,01:31:57,H,5.30,65.60
2022-12-13,01:32:07,H,5.30,65.60
2022-12-13,01:32:17,H,5.30,65.70
2022-12-13,01:32:27,H,5.30,65.80
2022-12-13,01:32:37,H,5.30,65.70
2022-12-13,01:32:47,H,5.30,65.70
2022-12-13,01:32:57,H,5.30,65.80
2022-12-13,01:33:07,H,5.30,65.80
2022-12-13,01:33:17,H,5.30,65.80
2022-12-13,01:33:27,H,5.30,65.80
2022-12-13,01:33:37,H,5.30,65.70
2022-12-13,01:33:47,H,5.30,65.70
2022-12-13,01:33:57,H,5.30,65.80
2022-12-13,01:34:07,H,5.30,65.90
2022-12-13,01:34:17,H,5.30,65.90
2022-12-13,01:34:27,H,5.30,65.80
2022-12-13,01:34:37,H,5.30,65.70
2022-12-13,01:34:47,H,5.30,65.70
2022-12-13,01:34:57,H,5.30,65.70
2022-12-13,01:35:07,H,5.30,65.70
2022-12-13,01:35:17,H,5.30,65.70
2022-12-13,01:35:27,H,5.30,65.70
2022-12-13,01:35:37,H,5.30,65.70
2022-12-13,01:35:47,H,5.30,65.70
2022-12-13,01:35:57,H,5.30,65.70
2022-12-13,01:36:07,H,5.30,65.80
2022-12-13,01:36:17,H,5.30,65.80
2022-12-13,01:36:27,H,5.30,65.70
2022-12-13,01:36:37,H,5.30,65.30
2022-12-13,01:36:47,H,5.30,65.30
2022-12-13,01:36:57,H,5.30,65.40
2022-12-13,01:37:07,H,5.30,65.60
2022-12-13,01:37:17,H,5.30,65.60
2022-12-13,01:37:27,H,5.30,65.50
2022-12-13,01:37:37,H,5.30,65.60
2022-12-13,01:37:47,H,5.30,65.60
2022-12-13,01:37:57,H,5.30,65.60
2022-12-13,01:38:07,H,5.30,65.30
2022-12-13,01:38:17,H,5.30,65.00
2022-12-13,01:38:27,H,5.30,65.00
2022-12-13,01:38:37,H,5.30,65.00
2022-12-13,01:38:47,H,5.30,65.10
2022-12-13,01:38:57,H,5.30,65.20
2022-12-13,01:39:07,H,5.30,65.00
2022-12-13,01:39:17,H,5.30,65.00
2022-12-13,01:39:27,H,5.30,65.00
2022-12-13,01:39:37,H,5.30,65.10
2022-12-13,01:39:47,H,5.30,65.20
2022-12-13,01:39:57,H,5.30,65.20
2022-12-13,01:40:07,H,5.30,65.10
2022-12-13,01:40:17,H,5.30,65.20
2022-12-13,01:40:27,H,5.30,65.20
2022-12-13,01:40:37,H,5.30,65.10
2022-12-13,01:40:47,H,5.30,65.00
2022-12-13,01:40:57,H,5.30,65.10
2022-12-13,01:41:07,H,5.30,65.20
2022-12-13,01:41:17,H,5.30,65.10
2022-12-13,01:41:27,H,5.30,65.10
2022-12-13,01:41:37,H,5.30,65.20
2022-12-13,01:41:47,H,5.30,65.20
2022-12-13,01:41:57,H,5.30,65.10
2022-12-13,01:42:07,H,5.30,64.80
2022-12-13,01:42:17,H,5.30,64.70
2022-12-13,01:42:27,H,5.30,64.50
2022-12-13,01:42:37,H,5.30,64.50
2022-12-13,01:42:47,H,5.30,64.70
2022-12-13,01:42:57,H,5.30,64.70
2022-12-13,01:43:07,H,5.30,64.70
2022-12-13,01:43:17,H,5.30,64.80
2022-12-13,01:43:27,H,5.30,64.80
2022-12-13,01:43:37,H,5.30,64.70
2022-12-13,01:43:47,H,5.30,64.70
2022-12-13,01:43:57,H,5.30,64.70
2022-12-13,01:44:07,H,5.30,64.80
2022-12-13,01:44:17,H,5.30,64.80
2022-12-13,01:44:27,H,5.30,64.70
2022-12-13,01:44:37,H,5.30,64.70
2022-12-13,01:44:47,H,5.30,64.60
2022-12-13,01:44:57,H,5.30,64.60
2022-12-13,01:45:07,H,5.30,64.70
2022-12-13,01:45:17,H,5.30,64.60
2022-12-13,01:45:27,H,5.30,64.60
2022-12-13,01:45:37,H,5.30,64.70
2022-12-13,01:45:47,H,5.30,64.70
2022-12-13,01:45:57,H,5.30,64.80
2022-12-13,01:46:07,H,5.30,64.80
2022-12-13,01:46:17,H,5.30,64.80
2022-12-13,01:46:27,H,5.30,64.80
2022-12-13,01:46:37,H,5.30,64.80
2022-12-13,01:46:47,H,5.30,64.70
2022-12-13,01:46:57,H,5.30,64.50
2022-12-13,01:47:07,H,5.30,64.50
2022-12-13,01:47:17,H,5.30,64.50
2022-12-13,01:47:27,H,5.30,64.40
2022-12-13,01:47:37,H,5.30,64.40
2022-12-13,01:47:47,H,5.30,64.50
2022-12-13,01:47:57,H,5.30,64.70
2022-12-13,01:48:07,H,5.30,64.80
2022-12-13,01:48:17,H,5.30,64.80
2022-12-13,01:48:27,H,5.30,64.80
2022-12-13,01:48:37,H,5.30,64.80
2022-12-13,01:48:47,H,5.30,64.70
2022-12-13,01:48:57,H,5.30,64.50
2022-12-13,01:49:07,H,5.30,64.50
2022-12-13,01:49:17,H,5.30,64.60
2022-12-13,01:49:27,H,5.30,64.40
2022-12-13,01:49:37,H,5.30,64.40
2022-12-13,01:49:47,H,5.30,64.40
2022-12-13,01:49:57,H,5.30,64.40
2022-12-13,01:50:07,H,5.30,64.60
2022-12-13,01:50:17,H,5.30,64.70
2022-12-13,01:50:27,H,5.30,64.80
2022-12-13,01:50:37,H,5.40,64.80
2022-12-13,01:50:47,H,5.30,64.80
2022-12-13,01:50:57,H,5.40,64.60
2022-12-13,01:51:07,H,5.40,64.60
2022-12-13,01:51:17,H,5.40,64.70
2022-12-13,01:51:27,H,5.40,64.60
2022-12-13,01:51:37,H,5.40,64.50
2022-12-13,01:51:47,H,5.40,64.40
2022-12-13,01:51:57,H,5.40,64.30
2022-12-13,01:52:07,H,5.40,64.10
2022-12-13,01:52:17,H,5.40,64.30
2022-12-13,01:52:27,H,5.40,64.60
2022-12-13,01:52:37,H,5.40,64.60
2022-12-13,01:52:47,H,5.40,64.40
2022-12-13,01:52:57,H,5.40,64.30
2022-12-13,01:53:07,H,5.40,64.40
2022-12-13,01:53:17,H,5.40,64.50
2022-12-13,01:53:27,H,5.40,64.50
2022-12-13,01:53:37,H,5.40,64.50
2022-12-13,01:53:47,H,5.40,64.40
2022-12-13,01:53:57,H,5.40,64.30
2022-12-13,01:54:07,H,5.40,64.30
2022-12-13,01:54:17,H,5.40,64.30
2022-12-13,01:54:27,H,5.40,64.10
2022-12-13,01:54:37,H,5.40,64.00
2022-12-13,01:54:47,H,5.40,64.00
2022-12-13,01:54:57,H,5.40,64.10
2022-12-13,01:55:07,H,5.40,64.10
2022-12-13,01:55:17,H,5.40,64.20
2022-12-13,01:55:27,H,5.40,63.90
2022-12-13,01:55:37,H,5.40,63.90
2022-12-13,01:55:47,H,5.40,64.00
2022-12-13,01:55:57,H,5.40,64.10
2022-12-13,01:56:07,H,5.40,64.20
2022-12-13,01:56:17,H,5.40,64.10
2022-12-13,01:56:27,H,5.40,64.00
2022-12-13,01:56:37,H,5.40,63.90
2022-12-13,01:56:47,H,5.40,63.70
2022-12-13,01:56:57,H,5.40,63.80
2022-12-13,01:57:07,H,5.40,63.70
2022-12-13,01:57:17,H,5.40,63.60
2022-12-13,01:57:27,H,5.40,63.50
2022-12-13,01:57:37,H,5.40,63.50
2022-12-13,01:57:47,H,5.30,63.70
2022-12-13,01:57:57,H,5.30,63.80
2022-12-13,01:58:07,H,5.30,63.80
2022-12-13,01:58:17,H,5.40,63.90
2022-12-13,01:58:27,H,5.30,64.00
2022-12-13,01:58:37,H,5.30,64.10
2022-12-13,01:58:47,H,5.30,63.70
2022-12-13,01:58:57,H,5.30,63.60
2022-12-13,01:59:07,H,5.30,63.60
2022-12-13,01:59:17,H,5.30,63.70
2022-12-13,01:59:27,H,5.30,63.90
2022-12-13,01:59:37,H,5.30,64.10
2022-12-13,01:59:47,H,5.30,64.10
2022-12-13,01:59:57,H,5.30,64.00
2022-12-13,02:00:07,H,5.30,64.10
2022-12-13,02:00:17,H,5.30,64.10
2022-12-13,02:00:27,H,5.30,64.10
2022-12-13,02:00:37,H,5.40,64.10
2022-12-13,02:00:47,H,5.30,64.20
2022-12-13,02:00:57,H,5.30,63.90
2022-12-13,02:01:07,H,5.30,63.80
2022-12-13,02:01:17,H,5.30,63.70
2022-12-13,02:01:27,H,5.30,63.70
2022-12-13,02:01:37,H,5.30,63.70
2022-12-13,02:01:47,H,5.30,63.70
2022-12-13,02:01:57,H,5.30,63.70
2022-12-13,02:02:07,H,5.30,63.70
2022-12-13,02:02:17,H,5.30,63.90
2022-12-13,02:02:27,H,5.30,63.90
2022-12-13,02:02:37,H,5.30,63.90
2022-12-13,02:02:47,H,5.30,63.90
2022-12-13,02:02:57,H,5.30,64.00
2022-12-13,02:03:07,H,5.30,63.90
2022-12-13,02:03:17,H,5.30,63.70
2022-12-13,02:03:27,H,5.30,63.50
2022-12-13,02:03:37,H,5.30,63.50
2022-12-13,02:03:47,H,5.30,63.50
2022-12-13,02:03:57,H,5.30,63.50
2022-12-13,02:04:07,H,5.30,63.50
2022-12-13,02:04:17,H,5.30,63.40
2022-12-13,02:04:27,H,5.30,63.40
2022-12-13,02:04:37,H,5.30,63.50
2022-12-13,02:04:47,H,5.30,63.60
2022-12-13,02:04:57,H,5.30,63.70
2022-12-13,02:05:07,H,5.30,63.60
2022-12-13,02:05:17,H,5.30,63.50
2022-12-13,02:05:27,H,5.30,63.50
2022-12-13,02:05:37,H,5.30,63.70
2022-12-13,02:05:47,H,5.30,63.60
2022-12-13,02:05:57,H,5.30,63.30
2022-12-13,02:06:07,H,5.30,63.40
2022-12-13,02:06:17,H,5.30,63.50
2022-12-13,02:06:27,H,5.30,63.60
2022-12-13,02:06:37,H,5.30,63.40
2022-12-13,02:06:47,H,5.30,63.30
2022-12-13,02:06:57,H,5.30,63.40
2022-12-13,02:07:07,H,5.30,63.70
2022-12-13,02:07:17,H,5.30,63.80
2022-12-13,02:07:27,H,5.30,63.90
2022-12-13,02:07:37,H,5.30,64.00
2022-12-13,02:07:47,H,5.30,64.10
2022-12-13,02:07:57,H,5.30,64.10
2022-12-13,02:08:07,H,5.30,64.00
2022-12-13,02:08:17,H,5.30,64.00
2022-12-13,02:08:27,H,5.40,64.00
2022-12-13,02:08:37,H,5.30,64.00
2022-12-13,02:08:47,H,5.30,64.10
2022-12-13,02:08:57,H,5.40,64.10
2022-12-13,02:09:07,H,5.40,64.20
2022-12-13,02:09:17,H,5.40,64.20
2022-12-13,02:09:27,H,5.40,64.10
2022-12-13,02:09:37,H,5.40,63.90
2022-12-13,02:09:47,H,5.40,63.80
2022-12-13,02:09:57,H,5.40,63.80
2022-12-13,02:10:07,H,5.40,63.60
2022-12-13,02:10:17,H,5.40,63.60
2022-12-13,02:10:27,H,5.40,63.60
2022-12-13,02:10:37,H,5.40,63.50
2022-12-13,02:10:47,H,5.40,63.50
2022-12-13,02:10:57,H,5.40,63.60
2022-12-13,02:11:07,H,5.40,63.70
2022-12-13,02:11:17,H,5.40,63.80
2022-12-13,02:11:27,H,5.40,63.80
2022-12-13,02:11:37,H,5.40,63.60
2022-12-13,02:11:47,H,5.40,63.40
2022-12-13,02:11:57,H,5.40,63.30
2022-12-13,02:12:07,H,5.40,63.40
2022-12-13,02:12:17,H,5.40,63.50
2022-12-13,02:12:27,H,5.40,63.50
2022-12-13,02:12:37,H,5.40,63.40
2022-12-13,02:12:47,H,5.40,63.50
2022-12-13,02:12:57,H,5.40,63.40
2022-12-13,02:13:07,H,5.40,63.20
2022-12-13,02:13:17,H,5.40,63.40
2022-12-13,02:13:27,H,5.30,63.40
2022-12-13,02:13:37,H,5.40,63.30
2022-12-13,02:13:47,H,5.40,63.40
2022-12-13,02:13:57,H,5.30,63.20
2022-12-13,02:14:07,H,5.30,63.10
2022-12-13,02:14:17,H,5.30,63.00
2022-12-13,02:14:27,H,5.30,63.20
2022-12-13,02:14:37,H,5.30,63.30
2022-12-13,02:14:47,H,5.30,62.90
2022-12-13,02:14:57,H,5.30,63.00
2022-12-13,02:15:07,H,5.30,63.10
2022-12-13,02:15:17,H,5.30,63.30
2022-12-13,02:15:27,H,5.30,63.30
2022-12-13,02:15:37,H,5.30,63.20
2022-12-13,02:15:47,H,5.30,63.10
2022-12-13,02:15:57,H,5.30,63.20
2022-12-13,02:16:07,H,5.30,63.40
2022-12-13,02:16:17,H,5.30,63.50
2022-12-13,02:16:27,H,5.30,63.40
2022-12-13,02:16:37,H,5.30,63.30
2022-12-13,02:16:47,H,5.30,63.40
2022-12-13,02:16:57,H,5.30,63.30
2022-12-13,02:17:07,H,5.30,63.30
2022-12-13,02:17:17,H,5.30,63.30
2022-12-13,02:17:27,H,5.30,63.00
2022-12-13,02:17:37,H,5.30,63.10
2022-12-13,02:17:47,H,5.30,63.30
2022-12-13,02:17:57,H,5.30,63.30
2022-12-13,02:18:07,H,5.30,63.10
2022-12-13,02:18:17,H,5.30,63.10
2022-12-13,02:18:27,H,5.30,63.20
2022-12-13,02:18:37,H,5.30,63.30
2022-12-13,02:18:47,H,5.30,63.40
2022-12-13,02:18:57,H,5.30,63.50
2022-12-13,02:19:07,H,5.30,63.50
2022-12-13,02:19:17,H,5.30,63.60
2022-12-13,02:19:27,H,5.30,63.50
2022-12-13,02:19:37,H,5.30,63.50
2022-12-13,02:19:47,H,5.30,63.50
2022-12-13,02:19:57,H,5.30,63.40
2022-12-13,02:20:07,H,5.30,63.40
2022-12-13,02:20:17,H,5.30,63.50
2022-12-13,02:20:27,H,5.30,63.50
2022-12-13,02:20:37,H,5.30,63.40
2022-12-13,02:20:47,H,5.30,63.30
2022-12-13,02:20:57,H,5.30,63.20
2022-12-13,02:21:07,H,5.30,62.90
2022-12-13,02:21:17,H,5.30,63.00
2022-12-13,02:21:27,H,5.30,63.10
2022-12-13,02:21:37,H,5.30,63.20
2022-12-13,02:21:47,H,5.30,63.30
2022-12-13,02:21:57,H,5.30,63.20
2022-12-13,02:22:07,H,5.30,62.90
2022-12-13,02:22:17,H,5.30,63.00
2022-12-13,02:22:27,H,5.30,63.10
2022-12-13,02:22:37,H,5.30,63.20
2022-12-13,02:22:47,H,5.30,62.90
2022-12-13,02:22:57,H,5.30,62.90
2022-12-13,02:23:07,H,5.30,62.90
2022-12-13,02:23:17,H,5.30,63.00
2022-12-13,02:23:27,H,5.30,63.00
2022-12-13,02:23:37,H,5.30,62.80
2022-12-13,02:23:47,H,5.30,62.70
2022-12-13,02:23:57,H,5.30,62.80
2022-12-13,02:24:07,H,5.30,62.90
2022-12-13,02:24:17,H,5.30,63.10
2022-12-13,02:24:27,H,5.30,63.20
2022-12-13,02:24:37,H,5.30,63.20
2022-12-13,02:24:47,H,5.30,63.30
2022-12-13,02:24:57,H,5.30,63.30
2022-12-13,02:25:07,H,5.30,63.20
2022-12-13,02:25:17,H,5.30,63.20
2022-12-13,02:25:27,H,5.30,63.30
2022-12-13,02:25:37,H,5.30,63.10
2022-12-13,02:25:47,H,5.30,63.10
2022-12-13,02:25:57,H,5.30,63.10
2022-12-13,02:26:07,H,5.30,63.20
2022-12-13,02:26:17,H,5.30,63.40
2022-12-13,02:26:27,H,5.30,63.40
2022-12-13,02:26:37,H,5.30,63.30
2022-12-13,02:26:47,H,5.30,63.20
2022-12-13,02:26:57,H,5.30,63.10
2022-12-13,02:27:07,H,5.30,63.20
2022-12-13,02:27:17,H,5.30,63.10
2022-12-13,02:27:27,H,5.30,63.00
2022-12-13,02:27:37,H,5.30,63.00
2022-12-13,02:27:47,H,5.30,63.00
2022-12-13,02:27:57,H,5.30,63.00
2022-12-13,02:28:07,H,5.30,63.10
2022-12-13,02:28:17,H,5.30,63.20
2022-12-13,02:28:27,H,5.30,63.10
2022-12-13,02:28:37,H,5.30,63.10
2022-12-13,02:28:47,H,5.30,63.20
2022-12-13,02:28:57,H,5.30,63.40
2022-12-13,02:29:07,H,5.30,63.50
2022-12-13,02:29:17,H,5.30,63.50
2022-12-13,02:29:27,H,5.30,63.40
2022-12-13,02:29:37,H,5.30,63.30
2022-12-13,02:29:47,H,5.40,63.20
2022-12-13,02:29:57,H,5.30,63.10
2022-12-13,02:30:07,H,5.40,63.00
2022-12-13,02:30:17,H,5.30,62.90
2022-12-13,02:30:27,H,5.40,63.00
2022-12-13,02:30:37,H,5.40,63.10
2022-12-13,02:30:47,H,5.30,63.20
2022-12-13,02:30:57,H,5.30,63.30
2022-12-13,02:31:07,H,5.40,63.50
2022-12-13,02:31:17,H,5.30,63.50
2022-12-13,02:31:27,H,5.40,63.30
2022-12-13,02:31:37,H,5.40,63.30
2022-12-13,02:31:47,H,5.40,63.30
2022-12-13,02:31:57,H,5.40,63.10
2022-12-13,02:32:07,H,5.40,63.10
2022-12-13,02:32:17,H,5.40,63.20
2022-12-13,02:32:27,H,5.40,63.20
2022-12-13,02:32:37,H,5.30,63.10
2022-12-13,02:32:47,H,5.30,63.10
2022-12-13,02:32:57,H,5.40,63.10
2022-12-13,02:33:07,H,5.40,63.00
2022-12-13,02:33:17,H,5.40,62.90
2022-12-13,02:33:27,H,5.40,63.00
2022-12-13,02:33:37,H,5.40,63.00
2022-12-13,02:33:47,H,5.40,63.00
2022-12-13,02:33:57,H,5.40,62.90
2022-12-13,02:34:07,H,5.40,62.80
2022-12-13,02:34:17,H,5.40,63.00
2022-12-13,02:34:27,H,5.40,63.00
2022-12-13,02:34:37,H,5.40,63.20
2022-12-13,02:34:47,H,5.40,63.00
2022-12-13,02:34:57,H,5.40,63.00
2022-12-13,02:35:07,H,5.40,63.10
2022-12-13,02:35:17,H,5.40,63.20
2022-12-13,02:35:27,H,5.40,63.20
2022-12-13,02:35:37,H,5.40,62.90
2022-12-13,02:35:47,H,5.40,62.90
2022-12-13,02:35:57,H,5.40,63.00
2022-12-13,02:36:07,H,5.40,63.00
2022-12-13,02:36:17,H,5.40,62.90
2022-12-13,02:36:27,H,5.40,62.90
2022-12-13,02:36:37,H,5.40,62.90
2022-12-13,02:36:47,H,5.40,62.80
2022-12-13,02:36:57,H,5.40,62.70
2022-12-13,02:37:07,H,5.40,62.60
2022-12-13,02:37:17,H,5.40,62.50
2022-12-13,02:37:27,H,5.40,62.60
2022-12-13,02:37:37,H,5.40,62.70
2022-12-13,02:37:47,H,5.40,62.80
2022-12-13,02:37:57,H,5.40,63.00
2022-12-13,02:38:07,H,5.40,63.20
2022-12-13,02:38:17,H,5.40,63.30
2022-12-13,02:38:27,H,5.40,63.30
2022-12-13,02:38:37,H,5.40,63.20
2022-12-13,02:38:47,H,5.40,63.00
2022-12-13,02:38:57,H,5.40,63.10
2022-12-13,02:39:07,H,5.40,63.20
2022-12-13,02:39:17,H,5.40,63.10
2022-12-13,02:39:27,H,5.40,63.10
2022-12-13,02:39:37,H,5.40,63.20
2022-12-13,02:39:47,H,5.40,63.10
2022-12-13,02:39:57,H,5.40,63.00
2022-12-13,02:40:07,H,5.40,62.80
2022-12-13,02:40:17,H,5.40,62.60
2022-12-13,02:40:27,H,5.40,62.70
2022-12-13,02:40:37,H,5.40,63.00
2022-12-13,02:40:47,H,5.40,63.20
2022-12-13,02:40:57,H,5.40,63.10
2022-12-13,02:41:07,H,5.40,63.10
2022-12-13,02:41:17,H,5.40,63.20
2022-12-13,02:41:27,H,5.40,63.10
2022-12-13,02:41:37,H,5.40,63.00
2022-12-13,02:41:47,H,5.40,63.00
2022-12-13,02:41:57,H,5.40,63.00
2022-12-13,02:42:07,H,5.40,63.00
2022-12-13,02:42:17,H,5.40,62.90
2022-12-13,02:42:27,H,5.40,62.80
2022-12-13,02:42:37,H,5.40,62.90
2022-12-13,02:42:47,H,5.40,63.10
2022-12-13,02:42:57,H,5.40,63.20
2022-12-13,02:43:07,H,5.40,63.30
2022-12-13,02:43:17,H,5.40,63.40
2022-12-13,02:43:27,H,5.40,63.40
2022-12-13,02:43:37,H,5.40,63.50
2022-12-13,02:43:47,H,5.40,63.50
2022-12-13,02:43:57,H,5.40,63.50
2022-12-13,02:44:07,H,5.40,63.50
2022-12-13,02:44:17,H,5.40,63.50
2022-12-13,02:44:27,H,5.40,63.50
2022-12-13,02:44:37,H,5.40,63.60
2022-12-13,02:44:47,H,5.40,63.50
2022-12-13,02:44:57,H,5.40,63.40
2022-12-13,02:45:07,H,5.40,63.30
2022-12-13,02:45:17,H,5.40,63.10
2022-12-13,02:45:27,H,5.40,63.00
2022-12-13,02:45:37,H,5.40,62.90
2022-12-13,02:45:47,H,5.40,63.00
2022-12-13,02:45:57,H,5.50,63.10
2022-12-13,02:46:07,H,5.40,63.10
2022-12-13,02:46:17,H,5.50,63.10
2022-12-13,02:46:27,H,5.40,63.10
2022-12-13,02:46:37,H,5.50,63.10
2022-12-13,02:46:47,H,5.50,63.10
2022-12-13,02:46:57,H,5.50,63.10
2022-12-13,02:47:07,H,5.50,63.10
2022-12-13,02:47:17,H,5.50,63.00
2022-12-13,02:47:27,H,5.50,62.90
2022-12-13,02:47:37,H,5.50,62.90
2022-12-13,02:47:47,H,5.50,62.70
2022-12-13,02:47:57,H,5.50,62.40
2022-12-13,02:48:07,H,5.50,62.40
2022-12-13,02:48:17,H,5.50,62.20
2022-12-13,02:48:27,H,5.50,62.20
2022-12-13,02:48:37,H,5.50,62.40
2022-12-13,02:48:47,H,5.50,62.80
2022-12-13,02:48:57,H,5.50,62.80
2022-12-13,02:49:07,H,5.50,62.80
2022-12-13,02:49:17,H,5.50,62.90
2022-12-13,02:49:27,H,5.50,63.00
2022-12-13,02:49:37,H,5.50,62.90
2022-12-13,02:49:47,H,5.50,63.00
2022-12-13,02:49:57,H,5.50,62.80
2022-12-13,02:50:07,H,5.50,62.70
2022-12-13,02:50:17,H,5.50,62.60
2022-12-13,02:50:27,H,5.50,62.60
2022-12-13,02:50:37,H,5.50,62.60
2022-12-13,02:50:47,H,5.50,62.60
2022-12-13,02:50:57,H,5.50,62.80
2022-12-13,02:51:07,H,5.50,63.00
2022-12-13,02:51:17,H,5.50,63.00
2022-12-13,02:51:27,H,5.50,62.80
2022-12-13,02:51:37,H,5.50,62.70
2022-12-13,02:51:47,H,5.50,62.90
2022-12-13,02:51:57,H,5.60,63.10
2022-12-13,02:52:07,H,5.50,63.10
2022-12-13,02:52:17,H,5.50,63.20
2022-12-13,02:52:27,H,5.60,62.90
2022-12-13,02:52:37,H,5.60,62.80
2022-12-13,02:52:47,H,5.60,63.00
2022-12-13,02:52:57,H,5.60,63.10
2022-12-13,02:53:07,H,5.60,63.00
2022-12-13,02:53:17,H,5.60,63.00
2022-12-13,02:53:27,H,5.60,63.10
2022-12-13,02:53:37,H,5.60,63.20
2022-12-13,02:53:47,H,5.60,63.00
2022-12-13,02:53:57,H,5.60,62.90
2022-12-13,02:54:07,H,5.60,63.00
2022-12-13,02:54:17,H,5.60,63.10
2022-12-13,02:54:27,H,5.60,63.20
2022-12-13,02:54:37,H,5.60,63.30
2022-12-13,02:54:47,H,5.60,63.30
2022-12-13,02:54:57,H,5.60,63.30
2022-12-13,02:55:07,H,5.60,63.40
2022-12-13,02:55:17,H,5.60,63.40
2022-12-13,02:55:27,H,5.60,63.30
2022-12-13,02:55:37,H,5.60,63.20
2022-12-13,02:55:47,H,5.60,63.10
2022-12-13,02:55:57,H,5.60,63.00
2022-12-13,02:56:07,H,5.70,63.00
2022-12-13,02:56:17,H,5.70,62.90
2022-12-13,02:56:27,H,5.70,62.60
2022-12-13,02:56:37,H,5.70,62.50
2022-12-13,02:56:47,H,5.70,62.70
2022-12-13,02:56:57,H,5.70,63.00
2022-12-13,02:57:07,H,5.70,63.20
2022-12-13,02:57:17,H,5.70,63.30
2022-12-13,02:57:27,H,5.70,63.40
2022-12-13,02:57:37,H,5.70,63.40
2022-12-13,02:57:47,H,5.70,63.20
2022-12-13,02:57:57,H,5.70,62.90
2022-12-13,02:58:07,H,5.70,63.10
2022-12-13,02:58:17,H,5.70,63.40
2022-12-13,02:58:27,H,5.70,63.60
2022-12-13,02:58:37,H,5.70,63.20
2022-12-13,02:58:47,H,5.70,63.10
2022-12-13,02:58:57,H,5.70,62.80
2022-12-13,02:59:07,H,5.70,62.70
2022-12-13,02:59:17,H,5.70,62.60
2022-12-13,02:59:27,H,5.70,62.70
2022-12-13,02:59:37,H,5.70,62.70
2022-12-13,02:59:47,H,5.70,62.60
2022-12-13,02:59:57,H,5.70,62.70
2022-12-13,03:00:07,H,5.70,62.80
2022-12-13,03:00:17,H,5.70,63.00
2022-12-13,03:00:27,H,5.70,63.00
2022-12-13,03:00:37,H,5.70,63.20
2022-12-13,03:00:47,H,5.70,63.20
2022-12-13,03:00:57,H,5.70,63.10
2022-12-13,03:01:07,H,5.80,63.10
2022-12-13,03:01:17,H,5.70,63.20
2022-12-13,03:01:27,H,5.80,63.20
2022-12-13,03:01:37,H,5.80,63.30
2022-12-13,03:01:47,H,5.80,63.40
2022-12-13,03:01:57,H,5.80,63.50
2022-12-13,03:02:17,H,5.80,63.10
2022-12-13,03:02:27,H,5.80,63.10
2022-12-13,03:02:37,H,5.80,62.90
2022-12-13,03:02:47,H,5.80,62.80
2022-12-13,03:02:57,H,5.80,62.80
2022-12-13,03:03:07,H,5.80,62.70
2022-12-13,03:03:17,H,5.80,62.80
2022-12-13,03:03:27,H,5.80,62.80
2022-12-13,03:03:37,H,5.80,62.70
2022-12-13,03:03:47,H,5.80,62.80
2022-12-13,03:03:57,H,5.80,63.10
2022-12-13,03:04:07,H,5.80,63.20
2022-12-13,03:04:17,H,5.80,63.30
2022-12-13,03:04:27,H,5.80,63.50
2022-12-13,03:04:37,H,5.80,63.40
2022-12-13,03:04:47,H,5.80,63.50
2022-12-13,03:04:57,H,5.80,63.50
2022-12-13,03:05:07,H,5.80,63.50
2022-12-13,03:05:17,H,5.90,63.40
2022-12-13,03:05:27,H,5.80,62.90
2022-12-13,03:05:37,H,5.80,62.90
2022-12-13,03:05:47,H,5.90,63.00
2022-12-13,03:05:57,H,5.90,63.00
2022-12-13,03:06:07,H,5.90,63.10
2022-12-13,03:06:17,H,5.80,63.20
2022-12-13,03:06:27,H,5.80,63.00
2022-12-13,03:06:37,H,5.90,63.00
2022-12-13,03:06:47,H,5.90,63.10
2022-12-13,03:06:57,H,5.90,63.10
2022-12-13,03:07:07,H,5.90,62.80
2022-12-13,03:07:17,H,5.80,62.70
2022-12-13,03:07:27,H,5.90,62.90
2022-12-13,03:07:37,H,5.90,63.10
2022-12-13,03:07:47,H,5.80,63.30
2022-12-13,03:07:57,H,5.90,63.30
2022-12-13,03:08:07,H,5.90,63.40
2022-12-13,03:08:17,H,5.90,63.20
2022-12-13,03:08:27,H,5.90,63.10
2022-12-13,03:08:37,H,5.90,63.20
2022-12-13,03:08:47,H,5.90,63.10
2022-12-13,03:08:57,H,5.90,62.90
2022-12-13,03:09:07,H,5.90,62.80
2022-12-13,03:09:17,H,5.90,62.70
2022-12-13,03:09:27,H,5.90,62.70
2022-12-13,03:09:37,H,5.90,62.80
2022-12-13,03:09:47,H,5.90,63.00
2022-12-13,03:09:57,H,5.90,63.30
2022-12-13,03:10:07,H,5.90,63.50
2022-12-13,03:10:17,H,5.90,63.60
2022-12-13,03:10:27,H,5.90,63.70
2022-12-13,03:10:37,H,5.90,63.70
2022-12-13,03:10:47,H,5.90,63.70
2022-12-13,03:10:57,H,5.90,63.20
2022-12-13,03:11:07,H,5.90,62.90
2022-12-13,03:11:17,H,5.90,63.00
2022-12-13,03:11:27,H,5.90,63.20
2022-12-13,03:11:37,H,5.90,63.40
2022-12-13,03:11:47,H,5.90,63.40
2022-12-13,03:11:57,H,5.90,63.10
2022-12-13,03:12:07,H,5.90,63.00
2022-12-13,03:12:17,H,5.90,63.10
2022-12-13,03:12:27,H,5.90,63.20
2022-12-13,03:12:37,H,5.90,63.30
2022-12-13,03:12:47,H,5.90,63.20
2022-12-13,03:12:57,H,5.90,63.30
2022-12-13,03:13:07,H,5.90,63.30
2022-12-13,03:13:17,H,5.90,63.40
2022-12-13,03:13:27,H,5.90,63.40
2022-12-13,03:13:37,H,5.90,63.20
2022-12-13,03:13:47,H,5.90,63.10
2022-12-13,03:13:57,H,5.90,63.20
2022-12-13,03:14:07,H,5.90,63.50
2022-12-13,03:14:17,H,5.90,63.50
2022-12-13,03:14:27,H,5.90,63.50
2022-12-13,03:14:37,H,5.90,63.30
2022-12-13,03:14:47,H,5.90,63.30
2022-12-13,03:14:57,H,5.90,63.30
2022-12-13,03:15:07,H,5.90,63.30
2022-12-13,03:15:17,H,5.90,62.90
2022-12-13,03:15:27,H,5.90,62.80
2022-12-13,03:15:37,H,5.90,62.90
2022-12-13,03:15:47,H,5.90,62.80
2022-12-13,03:15:57,H,5.90,62.80
2022-12-13,03:16:07,H,5.90,63.00
2022-12-13,03:16:17,H,5.90,63.10
2022-12-13,03:16:27,H,5.90,63.00
2022-12-13,03:16:37,H,5.90,62.90
2022-12-13,03:16:47,H,5.90,62.90
2022-12-13,03:16:57,H,5.90,62.90
2022-12-13,03:17:07,H,5.90,62.80
2022-12-13,03:17:17,H,5.90,62.80
2022-12-13,03:17:27,H,5.90,62.60
2022-12-13,03:17:37,H,5.90,62.70
2022-12-13,03:17:47,H,5.90,62.70
2022-12-13,03:17:57,H,5.90,62.60
2022-12-13,03:18:07,H,5.90,62.60
2022-12-13,03:18:17,H,5.90,62.70
2022-12-13,03:18:27,H,5.80,63.00
2022-12-13,03:18:37,H,5.80,63.20
2022-12-13,03:18:47,H,5.80,63.30
2022-12-13,03:18:57,H,5.80,63.30
2022-12-13,03:19:07,H,5.90,63.30
2022-12-13,03:19:17,H,5.80,63.50
2022-12-13,03:19:27,H,5.80,63.60
2022-12-13,03:19:37,H,5.80,63.70
2022-12-13,03:19:47,H,5.90,63.80
2022-12-13,03:19:57,H,5.80,63.90
2022-12-13,03:20:07,H,5.90,63.90
2022-12-13,03:20:17,H,5.90,63.90
2022-12-13,03:20:27,H,5.90,63.80
2022-12-13,03:20:37,H,5.90,63.70
2022-12-13,03:20:47,H,5.90,63.50
2022-12-13,03:20:57,H,5.90,63.30
2022-12-13,03:21:07,H,5.90,63.30
2022-12-13,03:21:17,H,5.90,63.40
2022-12-13,03:21:27,H,5.90,63.40
2022-12-13,03:21:37,H,5.90,63.20
2022-12-13,03:21:47,H,5.90,63.30
2022-12-13,03:21:57,H,5.90,63.20
2022-12-13,03:22:07,H,5.90,63.40
2022-12-13,03:22:17,H,5.90,63.30
2022-12-13,03:22:27,H,5.90,63.30
2022-12-13,03:22:37,H,5.90,63.10
2022-12-13,03:22:47,H,5.90,63.00
2022-12-13,03:22:57,H,5.90,62.90
2022-12-13,03:23:07,H,5.90,63.10
2022-12-13,03:23:17,H,5.90,63.00
2022-12-13,03:23:27,H,5.80,62.70
2022-12-13,03:23:37,H,5.80,62.70
2022-12-13,03:23:47,H,5.90,63.00
2022-12-13,03:23:57,H,5.80,63.20
2022-12-13,03:24:07,H,5.80,63.10
2022-12-13,03:24:17,H,5.80,62.90
2022-12-13,03:24:27,H,5.80,63.10
2022-12-13,03:24:37,H,5.80,63.20
2022-12-13,03:24:47,H,5.90,63.20
2022-12-13,03:24:57,H,5.80,63.20
2022-12-13,03:25:07,H,5.80,63.10
2022-12-13,03:25:17,H,5.90,62.90
2022-12-13,03:25:27,H,5.90,62.90
2022-12-13,03:25:37,H,5.80,62.80
2022-12-13,03:25:47,H,5.90,62.90
2022-12-13,03:25:57,H,5.80,63.30
2022-12-13,03:26:07,H,5.80,63.30
2022-12-13,03:26:17,H,5.90,63.30
2022-12-13,03:26:27,H,5.90,63.40
2022-12-13,03:26:37,H,5.90,63.60
2022-12-13,03:26:47,H,5.90,63.70
2022-12-13,03:26:57,H,5.90,63.80
2022-12-13,03:27:07,H,5.90,63.80
2022-12-13,03:27:17,H,5.90,63.80
2022-12-13,03:27:27,H,5.90,63.80
2022-12-13,03:27:37,H,5.90,63.50
2022-12-13,03:27:47,H,5.90,63.30
2022-12-13,03:27:57,H,5.90,63.10
2022-12-13,03:28:07,H,5.90,63.40
2022-12-13,03:28:17,H,5.90,63.60
2022-12-13,03:28:27,H,5.90,63.70
2022-12-13,03:28:37,H,5.80,63.60
2022-12-13,03:28:47,H,5.90,63.50
2022-12-13,03:28:57,H,5.90,63.30
2022-12-13,03:29:07,H,5.90,63.20
2022-12-13,03:29:17,H,5.90,63.10
2022-12-13,03:29:27,H,5.90,63.40
2022-12-13,03:29:37,H,5.90,63.70
2022-12-13,03:29:47,H,5.90,63.80
2022-12-13,03:29:57,H,5.90,63.60
2022-12-13,03:30:07,H,5.90,63.50
2022-12-13,03:30:17,H,5.90,63.50
2022-12-13,03:30:27,H,5.90,63.40
2022-12-13,03:30:37,H,5.90,63.30
2022-12-13,03:30:47,H,5.90,63.50
2022-12-13,03:30:57,H,5.90,63.60
2022-12-13,03:31:07,H,5.90,63.50
2022-12-13,03:31:17,H,5.90,63.30
2022-12-13,03:31:27,H,5.90,63.40
2022-12-13,03:31:37,H,5.90,63.40
2022-12-13,03:31:47,H,5.90,63.30
2022-12-13,03:31:57,H,5.90,63.20
2022-12-13,03:32:07,H,5.90,63.40
2022-12-13,03:32:17,H,5.90,63.20
2022-12-13,03:32:27,H,5.80,63.10
2022-12-13,03:32:37,H,5.90,63.30
2022-12-13,03:32:47,H,5.90,63.50
2022-12-13,03:32:57,H,5.90,63.50
2022-12-13,03:33:07,H,5.90,63.50
2022-12-13,03:33:17,H,5.90,63.60
2022-12-13,03:33:27,H,5.90,63.70
2022-12-13,03:33:37,H,5.80,63.60
2022-12-13,03:33:47,H,5.90,63.30
2022-12-13,03:33:57,H,5.90,63.40
2022-12-13,03:34:07,H,5.90,63.60
2022-12-13,03:34:17,H,5.90,63.80
2022-12-13,03:34:27,H,5.90,63.90
2022-12-13,03:34:37,H,5.90,64.00
2022-12-13,03:34:47,H,5.90,63.90
2022-12-13,03:34:57,H,5.90,63.90
2022-12-13,03:35:07,H,5.90,63.70
2022-12-13,03:35:17,H,5.90,63.70
2022-12-13,03:35:27,H,5.90,63.90
2022-12-13,03:35:37,H,5.90,63.80
2022-12-13,03:35:47,H,5.90,63.70
2022-12-13,03:35:57,H,5.90,63.80
2022-12-13,03:36:07,H,5.90,63.90
2022-12-13,03:36:17,H,5.90,64.00
2022-12-13,03:36:27,H,5.90,64.10
2022-12-13,03:36:37,H,5.90,63.90
2022-12-13,03:36:47,H,5.90,64.10
2022-12-13,03:36:57,H,5.90,64.00
2022-12-13,03:37:07,H,5.90,63.90
2022-12-13,03:37:17,H,5.90,63.90
2022-12-13,03:37:27,H,5.90,63.90
2022-12-13,03:37:37,H,5.90,63.90
2022-12-13,03:37:47,H,6.00,63.80
2022-12-13,03:37:57,H,6.00,63.30
2022-12-13,03:38:07,H,6.00,63.10
2022-12-13,03:38:17,H,6.00,63.40
2022-12-13,03:38:27,H,6.00,63.70
2022-12-13,03:38:37,H,6.00,63.90
2022-12-13,03:38:47,H,6.00,64.00
2022-12-13,03:38:57,H,6.00,64.10
2022-12-13,03:39:07,H,6.00,64.20
2022-12-13,03:39:17,H,6.00,64.20
2022-12-13,03:39:27,H,6.00,64.30
2022-12-13,03:39:37,H,6.00,64.30
2022-12-13,03:39:47,H,6.00,64.30
2022-12-13,03:39:57,H,6.00,64.30
2022-12-13,03:40:07,H,6.00,64.40
2022-12-13,03:40:17,H,6.00,64.40
2022-12-13,03:40:27,H,6.00,64.40
2022-12-13,03:40:37,H,6.00,64.40
2022-12-13,03:40:47,H,6.00,64.40
2022-12-13,03:40:57,H,6.00,64.30
2022-12-13,03:41:07,H,6.00,64.00
2022-12-13,03:41:17,H,6.00,63.80
2022-12-13,03:41:27,H,6.00,63.80
2022-12-13,03:41:37,H,6.00,63.90
2022-12-13,03:41:47,H,6.00,63.60
2022-12-13,03:41:57,H,6.00,63.60
2022-12-13,03:42:07,H,6.00,63.50
2022-12-13,03:42:17,H,6.00,63.60
2022-12-13,03:42:27,H,6.00,63.80
2022-12-13,03:42:37,H,6.00,63.70
2022-12-13,03:42:47,H,6.00,63.40
2022-12-13,03:42:57,H,6.00,63.30
2022-12-13,03:43:07,H,6.00,63.50
2022-12-13,03:43:17,H,6.00,63.40
2022-12-13,03:43:27,H,6.00,63.40
2022-12-13,03:43:37,H,6.00,63.50
2022-12-13,03:43:47,H,6.00,63.50
2022-12-13,03:43:57,H,6.00,63.50
2022-12-13,03:44:07,H,6.00,63.80
2022-12-13,03:44:17,H,6.00,63.90
2022-12-13,03:44:27,H,6.00,64.00
2022-12-13,03:44:37,H,6.00,64.10
2022-12-13,03:44:47,H,6.00,64.20
2022-12-13,03:44:57,H,6.00,64.20
2022-12-13,03:45:07,H,6.00,64.20
2022-12-13,03:45:17,H,6.00,64.00
2022-12-13,03:45:27,H,6.00,63.80
2022-12-13,03:45:37,H,6.00,63.80
2022-12-13,03:45:47,H,6.00,63.60
2022-12-13,03:45:57,H,6.00,63.60
2022-12-13,03:46:07,H,6.00,63.50
2022-12-13,03:46:17,H,6.00,63.30
2022-12-13,03:46:27,H,6.00,63.10
2022-12-13,03:46:37,H,6.00,63.10
2022-12-13,03:46:47,H,6.00,63.50
2022-12-13,03:46:57,H,6.00,63.80
2022-12-13,03:47:07,H,6.00,64.00
2022-12-13,03:47:17,H,6.00,63.80
2022-12-13,03:47:27,H,6.00,63.70
2022-12-13,03:47:37,H,6.00,63.60
2022-12-13,03:47:47,H,6.00,63.60
2022-12-13,03:47:57,H,6.00,63.30
2022-12-13,03:48:07,H,6.00,63.30
2022-12-13,03:48:17,H,6.00,63.60
2022-12-13,03:48:27,H,6.00,63.40
2022-12-13,03:48:37,H,6.00,63.50
2022-12-13,03:48:47,H,6.00,63.60
2022-12-13,03:48:57,H,6.00,63.70
2022-12-13,03:49:07,H,6.00,63.60
2022-12-13,03:49:17,H,6.00,63.60
2022-12-13,03:49:27,H,6.00,63.50
2022-12-13,03:49:37,H,6.00,63.50
2022-12-13,03:49:47,H,6.00,63.70
2022-12-13,03:49:57,H,6.00,64.00
2022-12-13,03:50:07,H,6.00,64.00
2022-12-13,03:50:17,H,6.00,63.90
2022-12-13,03:50:27,H,6.00,63.70
2022-12-13,03:50:37,H,6.00,63.80
2022-12-13,03:50:47,H,6.00,64.10
2022-12-13,03:50:57,H,6.00,64.30
2022-12-13,03:51:07,H,6.00,64.40
2022-12-13,03:51:17,H,6.10,64.30
2022-12-13,03:51:27,H,6.10,64.30
2022-12-13,03:51:37,H,6.00,64.20
2022-12-13,03:51:47,H,6.10,64.30
2022-12-13,03:51:57,H,6.10,64.30
2022-12-13,03:52:07,H,6.10,64.30
2022-12-13,03:52:17,H,6.10,64.30
2022-12-13,03:52:27,H,6.10,64.40
2022-12-13,03:52:37,H,6.10,64.50
2022-12-13,03:52:47,H,6.10,64.50
2022-12-13,03:52:57,H,6.10,64.50
2022-12-13,03:53:07,H,6.10,64.60
2022-12-13,03:53:17,H,6.10,64.60
2022-12-13,03:53:27,H,6.10,64.50
2022-12-13,03:53:37,H,6.10,64.50
2022-12-13,03:53:57,H,6.10,64.50
2022-12-13,03:54:07,H,6.10,64.50
2022-12-13,03:54:17,H,6.10,64.40
2022-12-13,03:54:27,H,6.10,64.40
2022-12-13,03:54:37,H,6.10,64.40
2022-12-13,03:54:47,H,6.10,64.30
2022-12-13,03:54:57,H,6.10,64.30
2022-12-13,03:55:07,H,6.10,64.30
2022-12-13,03:55:17,H,6.10,64.30
2022-12-13,03:55:27,H,6.10,64.30
2022-12-13,03:55:37,H,6.10,64.30
2022-12-13,03:55:47,H,6.10,64.40
2022-12-13,03:55:57,H,6.10,64.40
2022-12-13,03:56:07,H,6.10,64.30
2022-12-13,03:56:17,H,6.20,64.30
2022-12-13,03:56:27,H,6.20,64.30
2022-12-13,03:56:37,H,6.20,64.30
2022-12-13,03:56:47,H,6.20,64.10
2022-12-13,03:56:57,H,6.20,64.00
2022-12-13,03:57:07,H,6.10,64.10
2022-12-13,03:57:17,H,6.20,64.20
2022-12-13,03:57:27,H,6.10,64.30
2022-12-13,03:57:37,H,6.20,64.30
2022-12-13,03:57:47,H,6.20,64.30
2022-12-13,03:57:57,H,6.20,64.30
2022-12-13,03:58:07,H,6.20,64.30
2022-12-13,03:58:17,H,6.20,64.30
2022-12-13,03:58:27,H,6.20,64.30
2022-12-13,03:58:37,H,6.20,64.30
2022-12-13,03:58:47,H,6.20,64.30
2022-12-13,03:58:57,H,6.20,64.30
2022-12-13,03:59:07,H,6.20,64.30
2022-12-13,03:59:17,H,6.20,64.30
2022-12-13,03:59:27,H,6.20,64.30
2022-12-13,03:59:37,H,6.20,64.30
2022-12-13,03:59:47,H,6.20,64.30
2022-12-13,03:59:57,H,6.20,64.30
2022-12-13,04:00:07,H,6.20,64.30
2022-12-13,04:00:17,H,6.20,64.20
2022-12-13,04:00:27,H,6.20,64.20
2022-12-13,04:00:37,H,6.20,64.20
2022-12-13,04:00:47,H,6.20,64.20
2022-12-13,04:00:57,H,6.20,64.20
2022-12-13,04:01:07,H,6.20,64.20
2022-12-13,04:01:17,H,6.20,64.30
2022-12-13,04:01:27,H,6.20,64.30
2022-12-13,04:01:37,H,6.20,64.40
2022-12-13,04:01:47,H,6.20,64.40
2022-12-13,04:01:57,H,6.20,64.40
2022-12-13,04:02:07,H,6.20,64.40
2022-12-13,04:02:17,H,6.20,64.50
2022-12-13,04:02:27,H,6.20,64.50
2022-12-13,04:02:37,H,6.20,64.40
2022-12-13,04:02:47,H,6.20,64.30
2022-12-13,04:02:57,H,6.20,64.40
2022-12-13,04:03:07,H,6.20,64.50
2022-12-13,04:03:17,H,6.20,64.30
2022-12-13,04:03:27,H,6.20,64.30
2022-12-13,04:03:37,H,6.20,64.00
2022-12-13,04:03:47,H,6.20,63.80
2022-12-13,04:03:57,H,6.20,63.40
2022-12-13,04:04:07,H,6.20,63.30
2022-12-13,04:04:17,H,6.20,63.70
2022-12-13,04:04:27,H,6.20,64.10
2022-12-13,04:04:37,H,6.20,64.20
2022-12-13,04:04:47,H,6.20,64.20
2022-12-13,04:04:57,H,6.20,64.20
2022-12-13,04:05:07,H,6.20,64.20
2022-12-13,04:05:17,H,6.20,64.40
2022-12-13,04:05:27,H,6.20,64.50
2022-12-13,04:05:37,H,6.20,64.60
2022-12-13,04:05:47,H,6.20,64.70
2022-12-13,04:05:57,H,6.20,64.50
2022-12-13,04:06:07,H,6.20,64.30
2022-12-13,04:06:17,H,6.20,64.30
2022-12-13,04:06:27,H,6.20,64.20
2022-12-13,04:06:37,H,6.20,64.30
2022-12-13,04:06:47,H,6.30,64.40
2022-12-13,04:06:57,H,6.20,64.50
2022-12-13,04:07:07,H,6.30,64.40
2022-12-13,04:07:17,H,6.30,64.00
2022-12-13,04:07:27,H,6.20,63.80
2022-12-13,04:07:37,H,6.20,63.90
2022-12-13,04:07:47,H,6.30,63.60
2022-12-13,04:07:57,H,6.20,63.40
2022-12-13,04:08:07,H,6.20,63.20
2022-12-13,04:08:17,H,6.20,63.40
2022-12-13,04:08:27,H,6.20,63.60
2022-12-13,04:08:37,H,6.20,63.80
2022-12-13,04:08:47,H,6.20,64.10
2022-12-13,04:08:57,H,6.20,64.20
2022-12-13,04:09:07,H,6.20,63.80
2022-12-13,04:09:17,H,6.20,64.00
2022-12-13,04:09:27,H,6.20,64.00
2022-12-13,04:09:37,H,6.20,63.90
2022-12-13,04:09:47,H,6.20,63.80
2022-12-13,04:09:57,H,6.20,63.80
2022-12-13,04:10:07,H,6.20,63.90
2022-12-13,04:10:17,H,6.20,64.00
2022-12-13,04:10:27,H,6.20,63.90
2022-12-13,04:10:37,H,6.20,63.60
2022-12-13,04:10:47,H,6.20,63.80
2022-12-13,04:10:57,H,6.20,64.10
2022-12-13,04:11:07,H,6.20,64.10
2022-12-13,04:11:17,H,6.20,63.90
2022-12-13,04:11:27,H,6.20,63.90
2022-12-13,04:11:37,H,6.20,64.10
2022-12-13,04:11:47,H,6.20,64.20
2022-12-13,04:11:57,H,6.20,64.20
2022-12-13,04:12:07,H,6.20,63.90
2022-12-13,04:12:17,H,6.20,64.00
2022-12-13,04:12:27,H,6.20,64.10
2022-12-13,04:12:37,H,6.20,64.10
2022-12-13,04:12:47,H,6.20,64.20
2022-12-13,04:12:57,H,6.20,64.40
2022-12-13,04:13:07,H,6.20,64.50
2022-12-13,04:13:17,H,6.20,64.60
2022-12-13,04:13:27,H,6.20,64.60
2022-12-13,04:13:37,H,6.20,64.20
2022-12-13,04:13:47,H,6.20,64.00
2022-12-13,04:13:57,H,6.20,63.80
2022-12-13,04:14:07,H,6.20,63.90
2022-12-13,04:14:17,H,6.20,64.00
2022-12-13,04:14:27,H,6.20,64.20
2022-12-13,04:14:37,H,6.20,64.30
2022-12-13,04:14:47,H,6.20,64.10
2022-12-13,04:14:57,H,6.20,64.10
2022-12-13,04:15:07,H,6.20,63.90
2022-12-13,04:15:17,H,6.20,63.90
2022-12-13,04:15:27,H,6.20,64.20
2022-12-13,04:15:37,H,6.20,64.00
2022-12-13,04:15:47,H,6.20,63.90
2022-12-13,04:15:57,H,6.20,64.00
2022-12-13,04:16:07,H,6.20,64.10
2022-12-13,04:16:17,H,6.20,64.10
2022-12-13,04:16:27,H,6.20,64.30
2022-12-13,04:16:37,H,6.20,64.50
2022-12-13,04:16:47,H,6.20,64.40
2022-12-13,04:16:57,H,6.20,64.30
2022-12-13,04:17:07,H,6.20,64.30
2022-12-13,04:17:17,H,6.20,64.40
2022-12-13,04:17:27,H,6.20,64.50
2022-12-13,04:17:37,H,6.20,64.50
2022-12-13,04:17:47,H,6.20,64.50
2022-12-13,04:17:57,H,6.20,64.50
2022-12-13,04:18:07,H,6.20,64.20
2022-12-13,04:18:17,H,6.20,63.80
2022-12-13,04:18:27,H,6.20,63.80
2022-12-13,04:18:37,H,6.20,63.90
2022-12-13,04:18:47,H,6.20,64.10
2022-12-13,04:18:57,H,6.20,64.10
2022-12-13,04:19:07,H,6.20,64.10
2022-12-13,04:19:17,H,6.20,63.90
2022-12-13,04:19:27,H,6.20,63.80
2022-12-13,04:19:47,H,6.20,63.50
2022-12-13,04:19:57,H,6.20,63.50
2022-12-13,04:20:07,H,6.20,63.50
2022-12-13,04:20:17,H,6.20,63.50
2022-12-13,04:20:27,H,6.20,63.90
2022-12-13,04:20:37,H,6.20,64.20
2022-12-13,04:20:47,H,6.20,64.40
2022-12-13,04:20:57,H,6.20,64.30
2022-12-13,04:21:07,H,6.20,64.40
2022-12-13,04:21:17,H,6.20,64.40
2022-12-13,04:21:27,H,6.20,64.50
2022-12-13,04:21:37,H,6.20,64.60
2022-12-13,04:21:47,H,6.20,64.10
2022-12-13,04:21:57,H,6.20,63.70
2022-12-13,04:22:07,H,6.20,63.80
2022-12-13,04:22:17,H,6.20,64.00
2022-12-13,04:22:27,H,6.20,64.00
2022-12-13,04:22:37,H,6.20,63.60
2022-12-13,04:22:47,H,6.20,63.50
2022-12-13,04:22:57,H,6.20,63.70
2022-12-13,04:23:07,H,6.20,64.00
2022-12-13,04:23:17,H,6.20,64.00
2022-12-13,04:23:27,H,6.20,63.90
2022-12-13,04:23:37,H,6.20,63.60
2022-12-13,04:23:47,H,6.20,63.50
2022-12-13,04:23:57,H,6.20,63.50
2022-12-13,04:24:07,H,6.20,63.60
2022-12-13,04:24:17,H,6.20,64.00
2022-12-13,04:24:27,H,6.20,64.00
2022-12-13,04:24:37,H,6.20,63.90
2022-12-13,04:24:47,H,6.20,64.00
2022-12-13,04:24:57,H,6.20,64.10
2022-12-13,04:25:07,H,6.20,64.20
2022-12-13,04:25:17,H,6.20,64.40
2022-12-13,04:25:27,H,6.20,64.20
2022-12-13,04:25:37,H,6.20,64.20
2022-12-13,04:25:47,H,6.20,64.30
2022-12-13,04:25:57,H,6.20,64.30
2022-12-13,04:26:07,H,6.20,64.40
2022-12-13,04:26:17,H,6.20,64.30
2022-12-13,04:26:27,H,6.20,64.10
2022-12-13,04:26:37,H,6.20,64.00
2022-12-13,04:26:47,H,6.20,64.10
2022-12-13,04:26:57,H,6.20,64.30
2022-12-13,04:27:07,H,6.20,64.30
2022-12-13,04:27:17,H,6.20,64.20
2022-12-13,04:27:27,H,6.20,64.20
2022-12-13,04:27:37,H,6.20,63.90
2022-12-13,04:27:47,H,6.20,63.90
2022-12-13,04:27:57,H,6.20,64.10
2022-12-13,04:28:07,H,6.20,64.10
2022-12-13,04:28:17,H,6.20,64.00
2022-12-13,04:28:27,H,6.20,63.80
2022-12-13,04:28:37,H,6.20,63.60
2022-12-13,04:28:47,H,6.20,63.60
2022-12-13,04:28:57,H,6.20,63.70
2022-12-13,04:29:07,H,6.10,63.80
2022-12-13,04:29:17,H,6.10,63.80
2022-12-13,04:29:27,H,6.10,63.70
2022-12-13,04:29:37,H,6.10,63.60
2022-12-13,04:29:47,H,6.10,63.60
2022-12-13,04:29:57,H,6.10,63.70
2022-12-13,04:30:07,H,6.10,63.70
2022-12-13,04:30:17,H,6.10,63.50
2022-12-13,04:30:27,H,6.10,63.50
2022-12-13,04:30:37,H,6.10,63.50
2022-12-13,04:30:47,H,6.10,63.70
2022-12-13,04:30:57,H,6.10,63.80
2022-12-13,04:31:07,H,6.10,63.50
2022-12-13,04:31:17,H,6.10,63.50
2022-12-13,04:31:27,H,6.10,63.70
2022-12-13,04:31:37,H,6.10,63.80
2022-12-13,04:31:47,H,6.10,63.70
2022-12-13,04:31:57,H,6.10,63.60
2022-12-13,04:32:07,H,6.10,63.70
2022-12-13,04:32:17,H,6.10,63.80
2022-12-13,04:32:27,H,6.10,63.80
2022-12-13,04:32:47,H,6.00,63.40
2022-12-13,04:32:57,H,6.00,63.40
2022-12-13,04:33:07,H,6.00,63.10
2022-12-13,04:33:17,H,6.00,63.10
2022-12-13,04:33:27,H,6.00,63.40
2022-12-13,04:33:37,H,6.00,63.40
2022-12-13,04:33:47,H,6.00,63.50
2022-12-13,04:33:57,H,6.00,63.40
2022-12-13,04:34:07,H,6.00,63.50
2022-12-13,04:34:17,H,6.00,63.70
2022-12-13,04:34:27,H,6.00,63.60
2022-12-13,04:34:37,H,6.00,63.40
2022-12-13,04:34:47,H,6.00,63.40
2022-12-13,04:34:57,H,6.00,63.60
2022-12-13,04:35:07,H,6.00,63.70
2022-12-13,04:35:17,H,6.00,63.90
2022-12-13,04:35:27,H,6.00,63.60
2022-12-13,04:35:37,H,6.00,63.50
2022-12-13,04:35:47,H,6.00,63.30
2022-12-13,04:35:57,H,6.00,63.40
2022-12-13,04:36:07,H,6.00,63.40
2022-12-13,04:36:17,H,6.00,63.20
2022-12-13,04:36:27,H,5.90,63.20
2022-12-13,04:36:37,H,5.90,63.20
2022-12-13,04:36:47,H,5.90,63.20
2022-12-13,04:36:57,H,5.90,63.30
2022-12-13,04:37:07,H,5.90,63.30
2022-12-13,04:37:17,H,5.90,63.60
2022-12-13,04:37:27,H,5.90,63.90
2022-12-13,04:37:37,H,5.90,64.10
2022-12-13,04:37:47,H,5.90,64.00
2022-12-13,04:37:57,H,5.90,64.00
2022-12-13,04:38:07,H,5.90,63.90
2022-12-13,04:38:17,H,5.90,63.90
2022-12-13,04:38:27,H,5.90,63.90
2022-12-13,04:38:37,H,5.90,63.90
2022-12-13,04:38:47,H,5.90,63.70
2022-12-13,04:38:57,H,5.90,63.40
2022-12-13,04:39:07,H,5.90,63.40
2022-12-13,04:39:17,H,5.90,63.40
2022-12-13,04:39:27,H,5.90,63.40
2022-12-13,04:39:37,H,5.90,63.80
2022-12-13,04:39:47,H,5.90,64.00
2022-12-13,04:39:57,H,5.90,63.80
2022-12-13,04:40:07,H,5.90,63.60
2022-12-13,04:40:17,H,5.90,63.40
2022-12-13,04:40:27,H,5.90,63.60
2022-12-13,04:40:37,H,5.90,63.70
2022-12-13,04:40:47,H,5.90,63.70
2022-12-13,04:40:57,H,5.90,63.90
2022-12-13,04:41:07,H,5.90,63.70
2022-12-13,04:41:17,H,5.90,63.40
2022-12-13,04:41:27,H,5.90,63.40
2022-12-13,04:41:37,H,5.90,63.30
2022-12-13,04:41:47,H,5.90,63.20
2022-12-13,04:41:57,H,5.90,63.30
2022-12-13,04:42:07,H,5.90,63.40
2022-12-13,04:42:17,H,5.90,63.50
2022-12-13,04:42:27,H,5.90,63.50
2022-12-13,04:42:37,H,5.90,63.50
2022-12-13,04:42:47,H,5.90,63.40
2022-12-13,04:42:57,H,5.90,63.50
2022-12-13,04:43:07,H,5.90,63.60
2022-12-13,04:43:17,H,5.90,63.60
2022-12-13,04:43:27,H,5.90,63.30
2022-12-13,04:43:37,H,5.90,63.10
2022-12-13,04:43:47,H,5.90,63.20
2022-12-13,04:43:57,H,5.90,63.40
2022-12-13,04:44:07,H,5.90,63.30
2022-12-13,04:44:17,H,5.90,63.10
2022-12-13,04:44:27,H,5.90,63.30
2022-12-13,04:44:37,H,5.90,63.50
2022-12-13,04:44:47,H,5.90,63.40
2022-12-13,04:44:57,H,5.90,63.40
2022-12-13,04:45:07,H,5.90,63.40
2022-12-13,04:45:17,H,5.90,63.10
2022-12-13,04:45:27,H,5.90,63.20
2022-12-13,04:45:37,H,5.80,63.10
2022-12-13,04:45:47,H,5.80,62.90
2022-12-13,04:45:57,H,5.80,62.90
2022-12-13,04:46:07,H,5.80,63.00
2022-12-13,04:46:17,H,5.80,63.40
2022-12-13,04:46:27,H,5.80,63.40
2022-12-13,04:46:37,H,5.80,63.40
2022-12-13,04:46:47,H,5.80,63.50
2022-12-13,04:46:57,H,5.80,63.60
2022-12-13,04:47:07,H,5.80,63.50
2022-12-13,04:47:17,H,5.80,63.40
2022-12-13,04:47:27,H,5.80,63.20
2022-12-13,04:47:37,H,5.80,63.20
2022-12-13,04:47:47,H,5.80,63.20
2022-12-13,04:47:57,H,5.80,63.40
2022-12-13,04:48:07,H,5.80,63.60
2022-12-13,04:48:17,H,5.80,63.40
2022-12-13,04:48:27,H,5.80,63.10
2022-12-13,04:48:37,H,5.80,63.00
2022-12-13,04:48:47,H,5.80,62.90
2022-12-13,04:48:57,H,5.80,63.10
2022-12-13,04:49:07,H,5.80,63.30
2022-12-13,04:49:17,H,5.80,63.30
2022-12-13,04:49:27,H,5.80,63.40
2022-12-13,04:49:37,H,5.80,63.30
2022-12-13,04:49:47,H,5.80,63.20
2022-12-13,04:49:57,H,5.80,63.20
2022-12-13,04:50:07,H,5.80,63.10
2022-12-13,04:50:17,H,5.80,63.20
2022-12-13,04:50:27,H,5.80,63.30
2022-12-13,04:50:37,H,5.80,63.40
2022-12-13,04:50:47,H,5.80,63.70
2022-12-13,04:50:57,H,5.70,63.60
2022-12-13,04:51:07,H,5.70,63.60
2022-12-13,04:51:17,H,5.70,63.50
2022-12-13,04:51:27,H,5.70,63.40
2022-12-13,04:51:37,H,5.70,63.40
2022-12-13,04:51:47,H,5.70,63.50
2022-12-13,04:51:57,H,5.70,63.30
2022-12-13,04:52:07,H,5.70,63.30
2022-12-13,04:52:17,H,5.70,63.40
2022-12-13,04:52:27,H,5.70,63.50
2022-12-13,04:52:37,H,5.70,63.70
2022-12-13,04:52:47,H,5.70,63.70
2022-12-13,04:52:57,H,5.70,63.70
2022-12-13,04:53:07,H,5.70,63.60
2022-12-13,04:53:17,H,5.70,63.60
2022-12-13,04:53:27,H,5.70,63.70
2022-12-13,04:53:37,H,5.70,63.80
2022-12-13,04:53:47,H,5.70,63.90
2022-12-13,04:53:57,H,5.70,63.90
2022-12-13,04:54:07,H,5.70,63.90
2022-12-13,04:54:17,H,5.70,63.80
2022-12-13,04:54:27,H,5.70,63.90
2022-12-13,04:54:37,H,5.70,64.00
2022-12-13,04:54:47,H,5.70,63.90
2022-12-13,04:54:57,H,5.70,63.70
2022-12-13,04:55:07,H,5.70,63.40
2022-12-13,04:55:17,H,5.70,63.50
2022-12-13,04:55:27,H,5.70,63.70
2022-12-13,04:55:37,H,5.60,63.80
2022-12-13,04:55:47,H,5.70,63.90
2022-12-13,04:55:57,H,5.60,64.10
2022-12-13,04:56:07,H,5.60,64.20
2022-12-13,04:56:17,H,5.60,64.10
2022-12-13,04:56:27,H,5.60,64.10
2022-12-13,04:56:37,H,5.60,64.20
2022-12-13,04:56:47,H,5.60,64.20
2022-12-13,04:56:57,H,5.60,64.20
2022-12-13,04:57:07,H,5.60,64.00
2022-12-13,04:57:17,H,5.60,63.90
2022-12-13,04:57:27,H,5.60,64.00
2022-12-13,04:57:37,H,5.60,64.10
2022-12-13,04:57:47,H,5.60,64.00
2022-12-13,04:57:57,H,5.60,64.00
2022-12-13,04:58:07,H,5.60,64.00
2022-12-13,04:58:17,H,5.60,63.90
2022-12-13,04:58:27,H,5.60,63.90
2022-12-13,04:58:37,H,5.60,63.80
2022-12-13,04:58:47,H,5.60,63.90
2022-12-13,04:58:57,H,5.60,64.10
2022-12-13,04:59:07,H,5.60,64.20
2022-12-13,04:59:17,H,5.60,64.20
2022-12-13,04:59:27,H,5.60,64.20
2022-12-13,04:59:37,H,5.60,64.30
2022-12-13,04:59:47,H,5.60,64.30
2022-12-13,04:59:57,H,5.60,64.30
2022-12-13,05:00:07,H,5.60,64.40
2022-12-13,05:00:17,H,5.60,64.60
2022-12-13,05:00:27,H,5.60,64.60
2022-12-13,05:00:37,H,5.60,64.60
2022-12-13,05:00:47,H,5.60,64.60
2022-12-13,05:00:57,H,5.60,64.30
2022-12-13,05:01:07,H,5.60,64.30
2022-12-13,05:01:17,H,5.60,64.30
2022-12-13,05:01:27,H,5.60,64.30
2022-12-13,05:01:37,H,5.60,64.40
2022-12-13,05:01:47,H,5.60,64.40
2022-12-13,05:01:57,H,5.60,64.40
2022-12-13,05:02:07,H,5.60,64.40
2022-12-13,05:02:17,H,5.60,64.40
2022-12-13,05:02:27,H,5.60,64.40
2022-12-13,05:02:37,H,5.60,64.40
2022-12-13,05:02:47,H,5.60,64.20
2022-12-13,05:02:57,H,5.60,64.20
2022-12-13,05:03:07,H,5.60,64.30
2022-12-13,05:03:17,H,5.60,64.30
2022-12-13,05:03:27,H,5.60,64.20
2022-12-13,05:03:37,H,5.60,64.30
2022-12-13,05:03:47,H,5.60,64.20
2022-12-13,05:03:57,H,5.60,64.20
2022-12-13,05:04:07,H,5.60,64.10
2022-12-13,05:04:17,H,5.60,64.00
2022-12-13,05:04:27,H,5.60,64.10
2022-12-13,05:04:37,H,5.60,64.10
2022-12-13,05:04:47,H,5.60,64.30
2022-12-13,05:04:57,H,5.60,64.40
2022-12-13,05:05:07,H,5.60,64.50
2022-12-13,05:05:17,H,5.60,64.30
2022-12-13,05:05:27,H,5.60,64.30
2022-12-13,05:05:37,H,5.60,64.30
2022-12-13,05:05:47,H,5.60,64.10
2022-12-13,05:05:57,H,5.60,64.10
2022-12-13,05:06:07,H,5.60,64.00
2022-12-13,05:06:17,H,5.60,63.90
2022-12-13,05:06:37,H,5.60,64.20
2022-12-13,05:06:47,H,5.60,64.00
2022-12-13,05:06:57,H,5.60,64.10
2022-12-13,05:07:07,H,5.60,64.20
2022-12-13,05:07:17,H,5.60,64.30
2022-12-13,05:07:27,H,5.60,64.30
2022-12-13,05:07:37,H,5.60,64.20
2022-12-13,05:07:47,H,5.60,64.10
2022-12-13,05:07:57,H,5.60,64.10
2022-12-13,05:08:07,H,5.60,64.10
2022-12-13,05:08:17,H,5.60,64.30
2022-12-13,05:08:27,H,5.60,64.20
2022-12-13,05:08:37,H,5.60,64.20
2022-12-13,05:08:47,H,5.60,64.20
2022-12-13,05:08:57,H,5.60,64.40
2022-12-13,05:09:07,H,5.60,64.30
2022-12-13,05:09:17,H,5.60,64.20
2022-12-13,05:09:27,H,5.60,64.30
2022-12-13,05:09:37,H,5.60,64.40
2022-12-13,05:09:47,H,5.60,64.30
2022-12-13,05:09:57,H,5.60,64.30
2022-12-13,05:10:07,H,5.60,64.30
2022-12-13,05:10:17,H,5.60,64.30
2022-12-13,05:10:27,H,5.60,64.40
2022-12-13,05:10:37,H,5.60,64.50
2022-12-13,05:10:47,H,5.60,64.50
2022-12-13,05:10:57,H,5.60,64.70
2022-12-13,05:11:07,H,5.60,64.80
2022-12-13,05:11:17,H,5.60,64.80
2022-12-13,05:11:27,H,5.60,64.70
2022-12-13,05:11:37,H,5.60,64.50
2022-12-13,05:11:47,H,5.60,64.50
2022-12-13,05:11:57,H,5.60,64.60
2022-12-13,05:12:07,H,5.60,64.60
2022-12-13,05:12:17,H,5.60,64.50
2022-12-13,05:12:27,H,5.60,64.40
2022-12-13,05:12:37,H,5.60,64.50
2022-12-13,05:12:47,H,5.60,64.50
2022-12-13,05:12:57,H,5.60,64.40
2022-12-13,05:13:07,H,5.60,64.10
2022-12-13,05:13:17,H,5.60,64.10
2022-12-13,05:13:27,H,5.60,64.10
2022-12-13,05:13:37,H,5.60,64.20
2022-12-13,05:13:47,H,5.60,64.20
2022-12-13,05:13:57,H,5.60,64.30
2022-12-13,05:14:07,H,5.60,64.40
2022-12-13,05:14:17,H,5.60,64.30
2022-12-13,05:14:27,H,5.60,64.30
2022-12-13,05:14:37,H,5.60,64.50
2022-12-13,05:14:47,H,5.60,64.70
2022-12-13,05:14:57,H,5.60,64.70
2022-12-13,05:15:07,H,5.60,64.70
2022-12-13,05:15:17,H,5.60,64.50
2022-12-13,05:15:27,H,5.60,64.60
2022-12-13,05:15:37,H,5.60,64.50
2022-12-13,05:15:47,H,5.60,64.60
2022-12-13,05:15:57,H,5.60,64.60
2022-12-13,05:16:07,H,5.60,64.60
2022-12-13,05:16:17,H,5.60,64.50
2022-12-13,05:16:27,H,5.60,64.50
2022-12-13,05:16:37,H,5.60,64.40
2022-12-13,05:16:47,H,5.60,64.30
2022-12-13,05:16:57,H,5.60,64.40
2022-12-13,05:17:07,H,5.60,64.30
2022-12-13,05:17:17,H,5.60,64.30
2022-12-13,05:17:27,H,5.60,64.60
2022-12-13,05:17:37,H,5.60,64.60
2022-12-13,05:17:47,H,5.60,64.50
2022-12-13,05:17:57,H,5.60,64.50
2022-12-13,05:18:07,H,5.60,64.70
2022-12-13,05:18:17,H,5.60,64.80
2022-12-13,05:18:27,H,5.60,64.80
2022-12-13,05:18:37,H,5.60,64.60
2022-12-13,05:18:47,H,5.60,64.50
2022-12-13,05:18:57,H,5.60,64.30
2022-12-13,05:19:07,H,5.60,64.30
2022-12-13,05:19:17,H,5.60,64.40
2022-12-13,05:19:47,H,5.60,64.80
2022-12-13,05:19:57,H,5.60,64.70
2022-12-13,05:20:07,H,5.60,64.40
2022-12-13,05:20:17,H,5.60,64.40
2022-12-13,05:20:27,H,5.60,64.60
2022-12-13,05:20:37,H,5.60,64.70
2022-12-13,05:20:47,H,5.60,64.60
2022-12-13,05:20:57,H,5.60,64.40
2022-12-13,05:21:07,H,5.60,64.40
2022-12-13,05:21:17,H,5.60,64.30
2022-12-13,05:21:27,H,5.60,64.30
2022-12-13,05:21:37,H,5.60,64.30
2022-12-13,05:21:47,H,5.50,64.50
2022-12-13,05:21:57,H,5.50,64.60
2022-12-13,05:22:07,H,5.50,64.40
2022-12-13,05:22:17,H,5.50,64.40
2022-12-13,05:22:27,H,5.50,64.50
2022-12-13,05:22:37,H,5.50,64.40
2022-12-13,05:22:47,H,5.50,64.50
2022-12-13,05:22:57,H,5.50,64.50
2022-12-13,05:23:07,H,5.50,64.60
2022-12-13,05:23:17,H,5.50,64.70
2022-12-13,05:23:27,H,5.50,64.80
2022-12-13,05:23:37,H,5.50,64.80
2022-12-13,05:23:47,H,5.50,64.70
2022-12-13,05:23:57,H,5.50,64.80
2022-12-13,05:24:07,H,5.50,64.80
2022-12-13,05:24:17,H,5.50,64.80
2022-12-13,05:24:27,H,5.50,64.70
2022-12-13,05:24:37,H,5.50,64.60
2022-12-13,05:24:47,H,5.50,64.60
2022-12-13,05:24:57,H,5.50,64.80
2022-12-13,05:25:07,H,5.50,64.80
2022-12-13,05:25:17,H,5.50,64.90
2022-12-13,05:25:27,H,5.50,64.90
2022-12-13,05:25:37,H,5.50,64.90
2022-12-13,05:25:47,H,5.50,64.90
2022-12-13,05:25:57,H,5.50,64.80
2022-12-13,05:26:07,H,5.50,64.70
2022-12-13,05:26:17,H,5.50,64.80
2022-12-13,05:26:27,H,5.50,64.90
2022-12-13,05:26:37,H,5.50,65.00
2022-12-13,05:26:47,H,5.50,64.90
2022-12-13,05:26:57,H,5.50,65.00
2022-12-13,05:27:07,H,5.50,64.90
2022-12-13,05:27:17,H,5.50,64.90
2022-12-13,05:27:27,H,5.50,64.90
2022-12-13,05:27:37,H,5.50,64.90
2022-12-13,05:27:47,H,5.50,64.90
2022-12-13,05:27:57,H,5.50,65.00
2022-12-13,05:28:07,H,5.50,64.90
2022-12-13,05:28:17,H,5.50,64.90
2022-12-13,05:28:27,H,5.50,64.90
2022-12-13,05:28:37,H,5.50,64.90
2022-12-13,05:28:47,H,5.50,64.80
2022-12-13,05:28:57,H,5.50,64.80
2022-12-13,05:29:07,H,5.50,64.90
2022-12-13,05:29:17,H,5.50,64.80
2022-12-13,05:29:27,H,5.50,64.90
2022-12-13,05:29:37,H,5.50,64.90
2022-12-13,05:29:47,H,5.50,65.00
2022-12-13,05:29:57,H,5.50,65.10
2022-12-13,05:30:07,H,5.50,65.10
2022-12-13,05:30:17,H,5.60,65.10
2022-12-13,05:30:27,H,5.60,65.10
2022-12-13,05:30:37,H,5.50,65.10
2022-12-13,05:30:47,H,5.50,65.00
2022-12-13,05:30:57,H,5.60,64.90
2022-12-13,05:31:07,H,5.60,64.90
2022-12-13,05:31:17,H,5.50,64.70
2022-12-13,05:31:27,H,5.60,64.70
2022-12-13,05:31:37,H,5.50,64.60
2022-12-13,05:31:47,H,5.50,64.70
2022-12-13,05:31:57,H,5.50,64.90
2022-12-13,05:32:07,H,5.50,64.90
2022-12-13,05:32:17,H,5.50,64.90
2022-12-13,05:32:27,H,5.50,64.70
2022-12-13,05:32:37,H,5.50,64.60
2022-12-13,05:32:47,H,5.50,64.50
2022-12-13,05:32:57,H,5.50,64.40
2022-12-13,05:33:07,H,5.50,64.40
2022-12-13,05:33:17,H,5.50,64.60
2022-12-13,05:33:27,H,5.50,64.70
2022-12-13,05:33:37,H,5.50,64.50
2022-12-13,05:33:47,H,5.50,64.40
2022-12-13,05:33:57,H,5.50,64.30
2022-12-13,05:34:07,H,5.50,64.30
2022-12-13,05:34:17,H,5.50,64.40
2022-12-13,05:34:27,H,5.50,64.50
2022-12-13,05:34:37,H,5.50,64.60
2022-12-13,05:34:47,H,5.50,64.70
2022-12-13,05:34:57,H,5.50,64.60
2022-12-13,05:35:07,H,5.50,64.60
2022-12-13,05:35:17,H,5.50,64.60
2022-12-13,05:35:27,H,5.50,64.50
2022-12-13,05:35:37,H,5.50,64.40
2022-12-13,05:35:47,H,5.50,64.30
2022-12-13,05:35:57,H,5.50,64.30
2022-12-13,05:36:07,H,5.50,64.50
2022-12-13,05:36:17,H,5.50,64.60
2022-12-13,05:36:27,H,5.50,64.70
2022-12-13,05:36:37,H,5.50,64.70
2022-12-13,05:36:47,H,5.50,64.70
2022-12-13,05:36:57,H,5.50,64.80
2022-12-13,05:37:07,H,5.50,64.80
2022-12-13,05:37:17,H,5.50,64.90
2022-12-13,05:37:27,H,5.50,65.00
2022-12-13,05:37:37,H,5.50,65.00
2022-12-13,05:37:47,H,5.50,64.80
2022-12-13,05:37:57,H,5.50,64.70
2022-12-13,05:38:07,H,5.50,64.50
2022-12-13,05:38:17,H,5.50,64.60
2022-12-13,05:38:27,H,5.50,64.60
2022-12-13,05:38:37,H,5.50,64.70
2022-12-13,05:38:47,H,5.50,64.80
2022-12-13,05:38:57,H,5.50,64.70
2022-12-13,05:39:07,H,5.50,64.40
2022-12-13,05:39:17,H,5.50,64.40
2022-12-13,05:39:27,H,5.50,64.40
2022-12-13,05:39:37,H,5.50,64.50
2022-12-13,05:39:47,H,5.50,64.50
2022-12-13,05:39:57,H,5.50,64.20
2022-12-13,05:40:07,H,5.50,64.20
2022-12-13,05:40:17,H,5.50,64.40
2022-12-13,05:40:37,H,5.50,64.30
2022-12-13,05:40:47,H,5.50,64.40
2022-12-13,05:40:57,H,5.50,64.50
2022-12-13,05:41:07,H,5.50,64.60
2022-12-13,05:41:17,H,5.50,64.30
2022-12-13,05:41:27,H,5.50,64.00
2022-12-13,05:41:37,H,5.40,63.90
2022-12-13,05:41:47,H,5.40,64.10
2022-12-13,05:41:57,H,5.40,64.30
2022-12-13,05:42:07,H,5.50,64.30
2022-12-13,05:42:17,H,5.40,64.40
2022-12-13,05:42:27,H,5.40,64.40
2022-12-13,05:42:37,H,5.40,64.40
2022-12-13,05:42:47,H,5.40,64.50
2022-12-13,05:42:57,H,5.40,64.50
2022-12-13,05:43:07,H,5.40,64.30
2022-12-13,05:43:17,H,5.50,64.20
2022-12-13,05:43:27,H,5.40,64.10
2022-12-13,05:43:37,H,5.40,64.20
2022-12-13,05:43:47,H,5.50,64.20
2022-12-13,05:43:57,H,5.40,64.20
2022-12-13,05:44:07,H,5.40,64.20
2022-12-13,05:44:17,H,5.40,64.10
2022-12-13,05:44:27,H,5.40,64.10
2022-12-13,05:44:37,H,5.40,64.10
2022-12-13,05:44:47,H,5.40,64.10
2022-12-13,05:44:57,H,5.40,64.20
2022-12-13,05:45:07,H,5.40,64.00
2022-12-13,05:45:17,H,5.40,64.00
2022-12-13,05:45:27,H,5.40,64.10
2022-12-13,05:45:37,H,5.40,64.20
2022-12-13,05:45:47,H,5.40,64.30
2022-12-13,05:45:57,H,5.40,64.20
2022-12-13,05:46:07,H,5.40,64.10
2022-12-13,05:46:17,H,5.40,64.00
2022-12-13,05:46:27,H,5.40,63.80
2022-12-13,05:46:37,H,5.40,63.90
2022-12-13,05:46:47,H,5.40,64.10
2022-12-13,05:46:57,H,5.40,64.20
2022-12-13,05:47:07,H,5.40,64.40
2022-12-13,05:47:17,H,5.40,64.40
2022-12-13,05:47:27,H,5.40,64.30
2022-12-13,05:47:37,H,5.40,64.30
2022-12-13,05:47:47,H,5.40,64.30
2022-12-13,05:47:57,H,5.40,64.20
2022-12-13,05:48:07,H,5.40,64.20
2022-12-13,05:48:17,H,5.40,64.10
2022-12-13,05:48:27,H,5.40,64.20
2022-12-13,05:48:37,H,5.40,64.20
2022-12-13,05:48:47,H,5.40,64.30
2022-12-13,05:48:57,H,5.40,64.30
2022-12-13,05:49:07,H,5.40,64.20
2022-12-13,05:49:17,H,5.40,64.30
2022-12-13,05:49:27,H,5.50,64.20
2022-12-13,05:49:37,H,5.40,64.10
2022-12-13,05:49:47,H,5.40,64.00
2022-12-13,05:49:57,H,5.40,64.10
2022-12-13,05:50:07,H,5.40,64.10
2022-12-13,05:50:17,H,5.40,64.20
2022-12-13,05:50:27,H,5.40,64.40
2022-12-13,05:50:37,H,5.50,64.50
2022-12-13,05:50:47,H,5.50,64.50
2022-12-13,05:50:57,H,5.50,64.40
2022-12-13,05:51:07,H,5.50,64.30
2022-12-13,05:51:17,H,5.50,64.00
2022-12-13,05:51:27,H,5.50,64.10
2022-12-13,05:51:37,H,5.50,64.10
2022-12-13,05:51:47,H,5.50,64.30
2022-12-13,05:51:57,H,5.50,64.30
2022-12-13,05:52:07,H,5.50,64.20
2022-12-13,05:52:17,H,5.50,64.10
2022-12-13,05:52:27,H,5.50,63.90
2022-12-13,05:52:37,H,5.50,63.80
2022-12-13,05:52:47,H,5.50,63.90
2022-12-13,05:52:57,H,5.50,64.10
2022-12-13,05:53:07,H,5.50,64.00
2022-12-13,05:53:17,H,5.50,64.10
2022-12-13,05:53:27,H,5.50,64.30
2022-12-13,05:53:37,H,5.50,64.50
2022-12-13,05:53:47,H,5.50,64.50
2022-12-13,05:53:57,H,5.50,64.00
2022-12-13,05:54:07,H,5.50,63.80
2022-12-13,05:54:17,H,5.50,63.50
2022-12-13,05:54:27,H,5.50,63.50
2022-12-13,05:54:37,H,5.50,63.50
2022-12-13,05:54:47,H,5.50,63.60
2022-12-13,05:54:57,H,5.50,63.80
2022-12-13,05:55:07,H,5.50,64.00
2022-12-13,05:55:17,H,5.50,64.00
2022-12-13,05:55:27,H,5.50,63.90
2022-12-13,05:55:37,H,5.50,63.80
2022-12-13,05:55:47,H,5.50,63.70
2022-12-13,05:55:57,H,5.50,63.80
2022-12-13,05:56:07,H,5.50,63.90
2022-12-13,05:56:17,H,5.50,64.00
2022-12-13,05:56:27,H,5.50,63.90
2022-12-13,05:56:37,H,5.50,63.70
2022-12-13,05:56:47,H,5.50,63.50
2022-12-13,05:56:57,H,5.50,63.60
2022-12-13,05:57:07,H,5.50,63.70
2022-12-13,05:57:17,H,5.50,63.80
2022-12-13,05:57:27,H,5.50,64.00
2022-12-13,05:57:37,H,5.50,64.10
2022-12-13,05:57:47,H,5.50,64.10
2022-12-13,05:57:57,H,5.50,64.20
2022-12-13,05:58:07,H,5.50,64.10
2022-12-13,05:58:17,H,5.50,64.10
2022-12-13,05:58:27,H,5.50,64.10
2022-12-13,05:58:37,H,5.50,63.80
2022-12-13,05:58:47,H,5.50,63.50
2022-12-13,05:59:07,H,5.50,63.80
2022-12-13,05:59:17,H,5.50,63.60
2022-12-13,05:59:27,H,5.50,63.40
2022-12-13,05:59:37,H,5.50,63.30
2022-12-13,05:59:47,H,5.50,63.40
2022-12-13,05:59:57,H,5.50,63.60
2022-12-13,06:00:07,H,5.50,63.70
2022-12-13,06:00:17,H,5.50,63.60
2022-12-13,06:00:27,H,5.50,63.50
2022-12-13,06:00:37,H,5.50,63.50
2022-12-13,06:00:47,H,5.50,63.50
2022-12-13,06:00:57,H,5.50,63.50
2022-12-13,06:01:07,H,5.50,63.60
2022-12-13,06:01:17,H,5.50,63.70
2022-12-13,06:01:27,H,5.50,63.70
2022-12-13,06:01:37,H,5.50,63.60
2022-12-13,06:01:47,H,5.50,63.40
2022-12-13,06:01:57,H,5.50,63.30
2022-12-13,06:02:07,H,5.50,63.30
2022-12-13,06:02:17,H,5.50,63.60
2022-12-13,06:02:27,H,5.50,63.70
2022-12-13,06:02:37,H,5.50,63.60
2022-12-13,06:02:47,H,5.50,63.60
2022-12-13,06:02:57,H,5.50,63.70
2022-12-13,06:03:07,H,5.50,63.70
2022-12-13,06:03:17,H,5.50,63.90
2022-12-13,06:03:27,H,5.50,64.00
2022-12-13,06:03:37,H,5.50,63.80
2022-12-13,06:03:47,H,5.50,63.80
2022-12-13,06:03:57,H,5.50,63.70
2022-12-13,06:04:07,H,5.50,63.70
2022-12-13,06:04:17,H,5.50,63.60
2022-12-13,06:04:27,H,5.50,63.60
2022-12-13,06:04:37,H,5.50,63.80
2022-12-13,06:04:47,H,5.50,63.90
2022-12-13,06:04:57,H,5.50,63.90
2022-12-13,06:05:07,H,5.50,63.90
2022-12-13,06:05:17,H,5.50,63.80
2022-12-13,06:05:27,H,5.50,63.70
2022-12-13,06:05:37,H,5.50,63.70
2022-12-13,06:05:47,H,5.50,63.80
2022-12-13,06:05:57,H,5.50,63.60
2022-12-13,06:06:07,H,5.60,63.60
2022-12-13,06:06:17,H,5.60,63.70
2022-12-13,06:06:27,H,5.50,63.80
2022-12-13,06:06:37,H,5.60,63.90
2022-12-13,06:06:47,H,5.60,64.00
2022-12-13,06:06:57,H,5.60,63.80
2022-12-13,06:07:07,H,5.60,63.90
2022-12-13,06:07:17,H,5.60,64.10
2022-12-13,06:07:27,H,5.60,64.00
2022-12-13,06:07:37,H,5.60,63.90
2022-12-13,06:07:47,H,5.60,63.70
2022-12-13,06:07:57,H,5.60,63.60
2022-12-13,06:08:07,H,5.60,63.60
2022-12-13,06:08:17,H,5.60,63.70
2022-12-13,06:08:27,H,5.60,63.90
2022-12-13,06:08:37,H,5.60,64.00
2022-12-13,06:08:47,H,5.60,64.00
2022-12-13,06:08:57,H,5.60,63.80
2022-12-13,06:09:07,H,5.60,63.70
2022-12-13,06:09:17,H,5.60,63.90
2022-12-13,06:09:27,H,5.60,63.90
2022-12-13,06:09:37,H,5.60,63.90
2022-12-13,06:09:47,H,5.60,64.00
2022-12-13,06:09:57,H,5.60,64.10
2022-12-13,06:10:07,H,5.60,64.10
2022-12-13,06:10:17,H,5.70,64.20
2022-12-13,06:10:27,H,5.70,64.20
2022-12-13,06:10:37,H,5.70,64.20
2022-12-13,06:10:47,H,5.70,64.00
2022-12-13,06:10:57,H,5.70,64.00
2022-12-13,06:11:07,H,5.70,63.80
2022-12-13,06:11:17,H,5.70,63.70
2022-12-13,06:11:27,H,5.70,63.70
2022-12-13,06:11:37,H,5.70,63.80
2022-12-13,06:11:47,H,5.70,63.70
2022-12-13,06:11:57,H,5.70,63.70
2022-12-13,06:12:07,H,5.70,63.80
2022-12-13,06:12:17,H,5.70,63.70
2022-12-13,06:12:27,H,5.70,63.60
2022-12-13,06:12:37,H,5.70,63.40
2022-12-13,06:12:47,H,5.70,63.40
2022-12-13,06:12:57,H,5.70,63.50
2022-12-13,06:13:07,H,5.70,63.60
2022-12-13,06:13:17,H,5.70,63.80
2022-12-13,06:13:27,H,5.70,63.90
2022-12-13,06:13:37,H,5.70,63.90
2022-12-13,06:13:47,H,5.70,63.70
2022-12-13,06:13:57,H,5.70,63.70
2022-12-13,06:14:07,H,5.70,63.70
2022-12-13,06:14:17,H,5.70,63.70
2022-12-13,06:14:27,H,5.70,63.50
2022-12-13,06:14:37,H,5.70,63.50
2022-12-13,06:14:47,H,5.70,63.30
2022-12-13,06:14:57,H,5.70,63.40
2022-12-13,06:15:07,H,5.70,63.70
2022-12-13,06:15:17,H,5.70,63.70
2022-12-13,06:15:27,H,5.70,63.60
2022-12-13,06:15:37,H,5.70,63.50
2022-12-13,06:15:47,H,5.70,63.50
2022-12-13,06:15:57,H,5.70,63.70
2022-12-13,06:16:07,H,5.70,63.90
2022-12-13,06:16:17,H,5.70,63.60
2022-12-13,06:16:27,H,5.70,63.40
2022-12-13,06:16:37,H,5.70,63.50
2022-12-13,06:16:47,H,5.70,63.40
2022-12-13,06:16:57,H,5.70,63.60
2022-12-13,06:17:07,H,5.70,63.80
2022-12-13,06:17:17,H,5.70,63.90
2022-12-13,06:17:27,H,5.70,63.90
2022-12-13,06:17:37,H,5.80,63.90
2022-12-13,06:17:47,H,5.70,63.90
2022-12-13,06:17:57,H,5.70,63.90
2022-12-13,06:18:07,H,5.70,63.90
2022-12-13,06:18:17,H,5.80,64.00
2022-12-13,06:18:27,H,5.70,63.90
2022-12-13,06:18:37,H,5.80,64.00
2022-12-13,06:18:47,H,5.70,64.00
2022-12-13,06:18:57,H,5.80,63.90
2022-12-13,06:19:07,H,5.80,63.60
2022-12-13,06:19:17,H,5.80,63.40
2022-12-13,06:19:27,H,5.80,63.40
2022-12-13,06:19:37,H,5.80,63.40
2022-12-13,06:19:47,H,5.80,63.40
2022-12-13,06:19:57,H,5.80,63.40
2022-12-13,06:20:07,H,5.80,63.60
2022-12-13,06:20:17,H,5.80,63.80
2022-12-13,06:20:27,H,5.80,63.80
2022-12-13,06:20:37,H,5.80,63.50
2022-12-13,06:20:47,H,5.80,63.50
2022-12-13,06:20:57,H,5.80,63.50
2022-12-13,06:21:07,H,5.80,63.60
2022-12-13,06:21:17,H,5.70,63.70
2022-12-13,06:21:27,H,5.70,63.40
2022-12-13,06:21:37,H,5.70,63.10
2022-12-13,06:21:47,H,5.70,63.10
2022-12-13,06:21:57,H,5.70,63.40
2022-12-13,06:22:07,H,5.70,63.60
2022-12-13,06:22:17,H,5.70,63.70
2022-12-13,06:22:27,H,5.80,63.70
2022-12-13,06:22:37,H,5.70,63.50
2022-12-13,06:22:47,H,5.70,63.50
2022-12-13,06:22:57,H,5.80,63.50
2022-12-13,06:23:07,H,5.70,63.30
2022-12-13,06:23:17,H,5.70,63.20
2022-12-13,06:23:27,H,5.70,63.30
2022-12-13,06:23:37,H,5.70,63.00
2022-12-13,06:23:47,H,5.70,63.10
2022-12-13,06:23:57,H,5.70,63.20
2022-12-13,06:24:07,H,5.70,62.90
2022-12-13,06:24:17,H,5.70,62.80
2022-12-13,06:24:27,H,5.70,63.10
2022-12-13,06:24:37,H,5.70,63.20
2022-12-13,06:24:47,H,5.70,63.30
2022-12-13,06:24:57,H,5.70,63.40
2022-12-13,06:25:07,H,5.70,63.60
2022-12-13,06:25:17,H,5.70,63.60
2022-12-13,06:25:47,H,5.70,63.60
2022-12-13,06:25:57,H,5.70,63.70
2022-12-13,06:26:07,H,5.70,63.90
2022-12-13,06:26:17,H,5.70,64.00
2022-12-13,06:26:27,H,5.70,63.90
2022-12-13,06:26:37,H,5.70,63.90
2022-12-13,06:26:47,H,5.70,63.90
2022-12-13,06:26:57,H,5.70,63.80
2022-12-13,06:27:07,H,5.70,63.70
2022-12-13,06:27:17,H,5.70,63.70
2022-12-13,06:27:27,H,5.70,63.80
2022-12-13,06:27:37,H,5.70,63.80
2022-12-13,06:27:47,H,5.70,63.50
2022-12-13,06:27:57,H,5.70,63.40
2022-12-13,06:28:07,H,5.70,63.50
2022-12-13,06:28:17,H,5.70,63.40
2022-12-13,06:28:27,H,5.70,63.30
2022-12-13,06:28:37,H,5.70,63.30
2022-12-13,06:28:57,H,5.70,63.20
2022-12-13,06:29:07,H,5.70,63.40
2022-12-13,06:29:17,H,5.70,63.70
2022-12-13,06:29:27,H,5.70,63.80
2022-12-13,06:29:37,H,5.70,64.00
2022-12-13,06:29:47,H,5.70,64.10
2022-12-13,06:29:57,H,5.70,64.00
2022-12-13,06:30:07,H,5.70,63.80
2022-12-13,06:30:17,H,5.70,63.60
2022-12-13,06:30:27,H,5.70,63.70
2022-12-13,06:30:37,H,5.70,63.90
2022-12-13,06:30:47,H,5.70,64.10
2022-12-13,06:30:57,H,5.70,64.20
2022-12-13,06:31:07,H,5.70,64.30
2022-12-13,06:31:17,H,5.70,64.20
2022-12-13,06:31:27,H,5.70,64.20
2022-12-13,06:31:37,H,5.70,64.10
2022-12-13,06:31:47,H,5.80,64.10
2022-12-13,06:31:57,H,5.70,64.10
2022-12-13,06:32:07,H,5.80,64.00
2022-12-13,06:32:17,H,5.80,64.00
2022-12-13,06:32:27,H,5.70,64.10
2022-12-13,06:32:37,H,5.80,64.10
2022-12-13,06:32:47,H,5.80,64.00
2022-12-13,06:32:57,H,5.80,64.10
2022-12-13,06:33:07,H,5.80,64.20
2022-12-13,06:33:17,H,5.80,64.20
2022-12-13,06:33:27,H,5.80,64.20
2022-12-13,06:33:37,H,5.80,64.10
2022-12-13,06:33:47,H,5.80,63.90
2022-12-13,06:33:57,H,5.80,63.90
2022-12-13,06:34:07,H,5.80,63.90
2022-12-13,06:34:17,H,5.80,63.80
2022-12-13,06:34:27,H,5.80,63.80
2022-12-13,06:34:37,H,5.80,63.80
2022-12-13,06:34:47,H,5.80,63.70
2022-12-13,06:34:57,H,5.80,63.70
2022-12-13,06:35:07,H,5.80,63.70
2022-12-13,06:35:17,H,5.80,63.60
2022-12-13,06:35:27,H,5.80,63.80
2022-12-13,06:35:37,H,5.80,63.90
2022-12-13,06:35:47,H,5.80,64.00
2022-12-13,06:35:57,H,5.80,64.10
2022-12-13,06:36:07,H,5.70,64.00
2022-12-13,06:36:17,H,5.80,64.00
2022-12-13,06:36:27,H,5.80,63.90
2022-12-13,06:36:37,H,5.80,64.10
2022-12-13,06:36:47,H,5.80,64.10
2022-12-13,06:36:57,H,5.80,63.90
2022-12-13,06:37:07,H,5.80,63.70
2022-12-13,06:37:17,H,5.80,63.50
2022-12-13,06:37:27,H,5.80,63.70
2022-12-13,06:37:37,H,5.80,63.90
2022-12-13,06:37:47,H,5.80,64.00
2022-12-13,06:37:57,H,5.80,64.00
2022-12-13,06:38:07,H,5.80,64.10
2022-12-13,06:38:17,H,5.80,64.10
2022-12-13,06:38:27,H,5.70,64.00
2022-12-13,06:38:37,H,5.80,63.80
2022-12-13,06:38:47,H,5.80,63.90
2022-12-13,06:38:57,H,5.80,63.90
2022-12-13,06:39:07,H,5.80,64.00
2022-12-13,06:39:17,H,5.80,64.00
2022-12-13,06:39:27,H,5.80,63.90
2022-12-13,06:39:37,H,5.80,63.90
2022-12-13,06:39:47,H,5.80,64.00
2022-12-13,06:39:57,H,5.80,64.00
2022-12-13,06:40:07,H,5.80,64.10
2022-12-13,06:40:17,H,5.70,63.90
2022-12-13,06:40:27,H,5.70,63.90
2022-12-13,06:40:37,H,5.70,63.90
2022-12-13,06:40:47,H,5.80,63.80
2022-12-13,06:40:57,H,5.80,64.00
2022-12-13,06:41:07,H,5.80,64.10
2022-12-13,06:41:17,H,5.80,64.10
2022-12-13,06:41:27,H,5.80,63.90
2022-12-13,06:41:37,H,5.70,63.70
2022-12-13,06:41:47,H,5.80,63.70
2022-12-13,06:41:57,H,5.70,63.90
2022-12-13,06:42:17,H,5.70,64.00
2022-12-13,06:42:27,H,5.70,64.20
2022-12-13,06:42:37,H,5.70,64.20
2022-12-13,06:42:47,H,5.70,64.20
2022-12-13,06:42:57,H,5.70,64.20
2022-12-13,06:43:07,H,5.70,64.20
2022-12-13,06:43:17,H,5.70,64.20
2022-12-13,06:43:27,H,5.70,64.10
2022-12-13,06:43:37,H,5.70,64.10
2022-12-13,06:43:47,H,5.70,64.20
2022-12-13,06:43:57,H,5.70,64.30
2022-12-13,06:44:07,H,5.70,64.40
2022-12-13,06:44:17,H,5.70,64.40
2022-12-13,06:44:27,H,5.70,64.30
2022-12-13,06:44:37,H,5.80,64.20
2022-12-13,06:44:47,H,5.70,64.10
2022-12-13,06:44:57,H,5.80,64.10
2022-12-13,06:45:07,H,5.70,64.10
2022-12-13,06:45:17,H,5.80,64.20
2022-12-13,06:45:27,H,5.80,64.20
2022-12-13,06:45:37,H,5.70,64.10
2022-12-13,06:45:47,H,5.70,64.00
2022-12-13,06:45:57,H,5.70,64.10
2022-12-13,06:46:07,H,5.70,64.10
2022-12-13,06:46:17,H,5.70,64.20
2022-12-13,06:46:27,H,5.70,64.30
2022-12-13,06:46:37,H,5.70,64.40
2022-12-13,06:46:47,H,5.70,64.40
2022-12-13,06:46:57,H,5.70,64.20
2022-12-13,06:47:07,H,5.70,64.10
2022-12-13,06:47:17,H,5.70,64.00
2022-12-13,06:47:27,H,5.70,64.00
2022-12-13,06:47:37,H,5.70,64.10
2022-12-13,06:47:47,H,5.70,64.40
2022-12-13,06:47:57,H,5.70,64.60
2022-12-13,06:48:07,H,5.70,64.60
2022-12-13,06:48:17,H,5.70,64.50
2022-12-13,06:48:27,H,5.70,64.50
2022-12-13,06:48:37,H,5.70,64.60
2022-12-13,06:48:47,H,5.70,64.60
2022-12-13,06:48:57,H,5.70,64.60
2022-12-13,06:49:07,H,5.70,64.40
2022-12-13,06:49:17,H,5.70,64.40
2022-12-13,06:49:27,H,5.70,64.50
2022-12-13,06:49:37,H,5.70,64.40
2022-12-13,06:49:47,H,5.70,64.30
2022-12-13,06:49:57,H,5.70,64.20
2022-12-13,06:50:07,H,5.70,64.20
2022-12-13,06:50:17,H,5.70,64.40
2022-12-13,06:50:27,H,5.70,64.50
2022-12-13,06:50:37,H,5.70,64.50
2022-12-13,06:50:47,H,5.70,64.40
2022-12-13,06:50:57,H,5.70,64.40
2022-12-13,06:51:07,H,5.70,64.40
2022-12-13,06:51:17,H,5.70,64.20
2022-12-13,06:51:27,H,5.70,64.00
2022-12-13,06:51:37,H,5.70,64.20
2022-12-13,06:51:47,H,5.70,64.40
2022-12-13,06:51:57,H,5.70,64.50
2022-12-13,06:52:07,H,5.70,64.50
2022-12-13,06:52:17,H,5.70,64.50
2022-12-13,06:52:27,H,5.70,64.50
2022-12-13,06:52:37,H,5.70,64.50
2022-12-13,06:52:47,H,5.60,64.40
2022-12-13,06:52:57,H,5.70,64.40
2022-12-13,06:53:07,H,5.70,64.60
2022-12-13,06:53:17,H,5.70,64.60
2022-12-13,06:53:27,H,5.60,64.50
2022-12-13,06:53:37,H,5.70,64.50
2022-12-13,06:53:47,H,5.70,64.40
2022-12-13,06:53:57,H,5.70,64.50
2022-12-13,06:54:07,H,5.60,64.60
2022-12-13,06:54:17,H,5.60,64.60
2022-12-13,06:54:27,H,5.60,64.70
2022-12-13,06:54:37,H,5.60,64.70
2022-12-13,06:54:47,H,5.60,64.80
2022-12-13,06:54:57,H,5.60,64.70
2022-12-13,06:55:07,H,5.70,64.70
2022-12-13,06:55:27,H,5.60,64.70
2022-12-13,06:55:37,H,5.60,64.70
2022-12-13,06:55:47,H,5.70,64.70
2022-12-13,06:55:57,H,5.60,64.40
2022-12-13,06:56:07,H,5.60,64.40
2022-12-13,06:56:17,H,5.60,64.50
2022-12-13,06:56:27,H,5.60,64.60
2022-12-13,06:56:37,H,5.60,64.60
2022-12-13,06:56:47,H,5.60,64.50
2022-12-13,06:56:57,H,5.60,64.60
2022-12-13,06:57:07,H,5.60,64.70
2022-12-13,06:57:17,H,5.60,64.70
2022-12-13,06:57:27,H,5.60,64.60
2022-12-13,06:57:37,H,5.60,64.50
2022-12-13,06:57:47,H,5.60,64.60
2022-12-13,06:57:57,H,5.60,64.60
2022-12-13,06:58:07,H,5.60,64.70
2022-12-13,06:58:17,H,5.60,64.80
2022-12-13,06:58:27,H,5.60,64.60
2022-12-13,06:58:37,H,5.60,64.70
2022-12-13,06:58:47,H,5.60,64.80
2022-12-13,06:58:57,H,5.60,64.80
2022-12-13,06:59:07,H,5.60,64.60
2022-12-13,06:59:17,H,5.60,64.60
2022-12-13,06:59:27,H,5.60,64.60
2022-12-13,06:59:37,H,5.60,64.80
2022-12-13,06:59:47,H,5.60,64.80
2022-12-13,06:59:57,H,5.60,64.60
2022-12-13,07:00:07,H,5.60,64.50
2022-12-13,07:00:17,H,5.60,64.60
2022-12-13,07:00:27,H,5.60,64.70
2022-12-13,07:00:37,H,5.60,64.70
2022-12-13,07:00:47,H,5.60,64.70
2022-12-13,07:00:57,H,5.60,64.60
2022-12-13,07:01:07,H,5.60,64.70
2022-12-13,07:01:17,H,5.60,64.60
2022-12-13,07:01:27,H,5.60,64.40
2022-12-13,07:01:37,H,5.60,64.30
2022-12-13,07:01:47,H,5.60,64.50
2022-12-13,07:01:57,H,5.60,64.50
2022-12-13,07:02:07,H,5.60,64.60
2022-12-13,07:02:17,H,5.60,64.70
2022-12-13,07:02:27,H,5.60,64.80
2022-12-13,07:02:37,H,5.60,64.90
2022-12-13,07:02:47,H,5.60,65.00
2022-12-13,07:02:57,H,5.60,64.90
2022-12-13,07:03:07,H,5.60,65.00
2022-12-13,07:03:17,H,5.60,65.00
2022-12-13,07:03:27,H,5.60,65.00
2022-12-13,07:03:37,H,5.50,65.00
2022-12-13,07:03:47,H,5.60,65.00
2022-12-13,07:03:57,H,5.60,65.10
2022-12-13,07:04:07,H,5.60,65.10
2022-12-13,07:04:17,H,5.60,65.00
2022-12-13,07:04:27,H,5.60,64.90
2022-12-13,07:04:37,H,5.60,64.90
2022-12-13,07:04:47,H,5.60,64.90
2022-12-13,07:04:57,H,5.60,64.90
2022-12-13,07:05:07,H,5.60,64.90
2022-12-13,07:05:27,H,5.60,64.70
2022-12-13,07:05:37,H,5.60,64.70
2022-12-13,07:05:47,H,5.60,64.70
2022-12-13,07:05:57,H,5.60,64.80
2022-12-13,07:06:07,H,5.60,64.80
2022-12-13,07:06:17,H,5.50,64.90
2022-12-13,07:06:27,H,5.50,64.80
2022-12-13,07:06:37,H,5.50,64.80
2022-12-13,07:06:47,H,5.50,64.80
2022-12-13,07:06:57,H,5.50,64.90
2022-12-13,07:07:07,H,5.50,64.90
2022-12-13,07:07:17,H,5.50,65.00
2022-12-13,07:07:27,H,5.50,64.90
2022-12-13,07:07:37,H,5.50,64.80
2022-12-13,07:07:47,H,5.50,64.80
2022-12-13,07:07:57,H,5.50,64.70
2022-12-13,07:08:07,H,5.50,64.80
2022-12-13,07:08:17,H,5.50,64.70
2022-12-13,07:08:27,H,5.50,64.70
2022-12-13,07:08:37,H,5.50,64.80
2022-12-13,07:08:47,H,5.50,64.80
2022-12-13,07:08:57,H,5.50,65.00
2022-12-13,07:09:07,H,5.50,65.20
2022-12-13,07:09:17,H,5.50,65.30
2022-12-13,07:09:27,H,5.50,65.20
2022-12-13,07:09:37,H,5.50,65.10
2022-12-13,07:09:47,H,5.50,65.10
2022-12-13,07:09:57,H,5.50,65.10
2022-12-13,07:10:07,H,5.50,65.20
2022-12-13,07:10:17,H,5.50,65.10
2022-12-13,07:10:27,H,5.50,65.00
2022-12-13,07:10:37,H,5.50,65.00
2022-12-13,07:10:47,H,5.50,65.10
2022-12-13,07:10:57,H,5.50,65.20
2022-12-13,07:11:07,H,5.50,65.10
2022-12-13,07:11:17,H,5.50,65.10
2022-12-13,07:11:27,H,5.50,64.90
2022-12-13,07:11:37,H,5.50,64.80
2022-12-13,07:11:47,H,5.50,64.70
2022-12-13,07:11:57,H,5.50,64.70
2022-12-13,07:12:07,H,5.50,64.90
2022-12-13,07:12:17,H,5.50,65.00
2022-12-13,07:12:27,H,5.50,65.20
2022-12-13,07:12:37,H,5.50,65.00
2022-12-13,07:12:47,H,5.50,64.90
2022-12-13,07:12:57,H,5.50,65.00
2022-12-13,07:13:07,H,5.50,65.00
2022-12-13,07:13:17,H,5.50,64.90
2022-12-13,07:13:27,H,5.40,65.00
2022-12-13,07:13:37,H,5.40,64.90
2022-12-13,07:13:47,H,5.40,65.00
2022-12-13,07:13:57,H,5.40,65.20
2022-12-13,07:14:07,H,5.40,65.20
2022-12-13,07:14:17,H,5.40,65.20
2022-12-13,07:14:27,H,5.40,65.20
2022-12-13,07:14:37,H,5.40,65.30
2022-12-13,07:14:47,H,5.40,65.20
2022-12-13,07:14:57,H,5.40,65.30
2022-12-13,07:15:07,H,5.40,65.30
2022-12-13,07:15:17,H,5.40,65.30
2022-12-13,07:15:27,H,5.40,65.30
2022-12-13,07:15:37,H,5.40,65.50
2022-12-13,07:15:47,H,5.40,65.50
2022-12-13,07:15:57,H,5.40,65.40
2022-12-13,07:16:07,H,5.40,65.30
2022-12-13,07:16:17,H,5.40,65.30
2022-12-13,07:16:27,H,5.40,65.20
2022-12-13,07:16:37,H,5.40,65.10
2022-12-13,07:16:47,H,5.40,65.20
2022-12-13,07:16:57,H,5.40,65.10
2022-12-13,07:17:07,H,5.40,65.20
2022-12-13,07:17:17,H,5.40,65.40
2022-12-13,07:17:27,H,5.40,65.50
2022-12-13,07:17:37,H,5.40,65.60
2022-12-13,07:17:47,H,5.40,65.60
2022-12-13,07:17:57,H,5.40,65.60
2022-12-13,07:18:07,H,5.40,65.60
2022-12-13,07:18:17,H,5.40,65.50
2022-12-13,07:18:27,H,5.40,65.60
2022-12-13,07:18:37,H,5.40,65.60
2022-12-13,07:18:47,H,5.40,65.40
2022-12-13,07:18:57,H,5.40,65.30
2022-12-13,07:19:07,H,5.40,65.40
2022-12-13,07:19:17,H,5.40,65.50
2022-12-13,07:19:27,H,5.40,65.40
2022-12-13,07:19:37,H,5.40,65.30
2022-12-13,07:19:47,H,5.40,65.30
2022-12-13,07:19:57,H,5.40,65.40
2022-12-13,07:20:07,H,5.40,65.40
2022-12-13,07:20:17,H,5.40,65.50
2022-12-13,07:20:27,H,5.40,65.50
2022-12-13,07:20:37,H,5.40,65.50
2022-12-13,07:20:47,H,5.40,65.50
2022-12-13,07:20:57,H,5.40,65.50
2022-12-13,07:21:07,H,5.40,65.40
2022-12-13,07:21:17,H,5.40,65.40
2022-12-13,07:21:27,H,5.40,65.40
2022-12-13,07:21:37,H,5.40,65.50
2022-12-13,07:21:47,H,5.40,65.50
2022-12-13,07:21:57,H,5.40,65.60
2022-12-13,07:22:07,H,5.40,65.60
2022-12-13,07:22:17,H,5.40,65.60
2022-12-13,07:22:27,H,5.40,65.70
2022-12-13,07:22:37,H,5.40,65.70
2022-12-13,07:22:47,H,5.40,65.80
2022-12-13,07:22:57,H,5.40,65.80
2022-12-13,07:23:07,H,5.40,65.80
2022-12-13,07:23:17,H,5.40,65.60
2022-12-13,07:23:27,H,5.40,65.50
2022-12-13,07:23:37,H,5.40,65.50
2022-12-13,07:23:57,H,5.40,65.70
2022-12-13,07:24:07,H,5.40,65.70
2022-12-13,07:24:17,H,5.40,65.70
2022-12-13,07:24:27,H,5.40,65.60
2022-12-13,07:24:37,H,5.40,65.60
2022-12-13,07:24:47,H,5.40,65.60
2022-12-13,07:24:57,H,5.40,65.60
2022-12-13,07:25:07,H,5.40,65.60
2022-12-13,07:25:17,H,5.40,65.60
2022-12-13,07:25:27,H,5.40,65.60
2022-12-13,07:25:37,H,5.40,65.70
2022-12-13,07:25:47,H,5.40,65.70
2022-12-13,07:25:57,H,5.40,65.70
2022-12-13,07:26:07,H,5.40,65.60
2022-12-13,07:26:17,H,5.40,65.60
2022-12-13,07:26:27,H,5.40,65.60
2022-12-13,07:26:37,H,5.40,65.60
2022-12-13,07:26:47,H,5.40,65.70
2022-12-13,07:26:57,H,5.40,65.70
2022-12-13,07:27:07,H,5.40,65.70
2022-12-13,07:27:17,H,5.40,65.70
2022-12-13,07:27:27,H,5.40,65.80
2022-12-13,07:27:37,H,5.40,65.60
2022-12-13,07:27:47,H,5.40,65.60
2022-12-13,07:27:57,H,5.40,65.60
2022-12-13,07:28:07,H,5.40,65.60
2022-12-13,07:28:17,H,5.40,65.50
2022-12-13,07:28:27,H,5.40,65.40
2022-12-13,07:28:37,H,5.40,65.40
2022-12-13,07:28:47,H,5.40,65.50
2022-12-13,07:28:57,H,5.40,65.40
2022-12-13,07:29:07,H,5.40,65.50
2022-12-13,07:29:17,H,5.40,65.60
2022-12-13,07:29:27,H,5.40,65.70
2022-12-13,07:29:37,H,5.40,65.80
2022-12-13,07:29:47,H,5.40,65.80
2022-12-13,07:29:57,H,5.40,65.90
2022-12-13,07:30:07,H,5.40,65.80
2022-12-13,07:30:17,H,5.40,65.80
2022-12-13,07:30:27,H,5.40,65.80
2022-12-13,07:30:37,H,5.40,65.80
2022-12-13,07:30:47,H,5.40,65.80
2022-12-13,07:30:57,H,5.40,65.90
2022-12-13,07:31:07,H,5.40,65.80
2022-12-13,07:31:17,H,5.40,65.90
2022-12-13,07:31:27,H,5.40,65.90
2022-12-13,07:31:37,H,5.40,65.90
2022-12-13,07:31:47,H,5.30,65.90
2022-12-13,07:31:57,H,5.30,66.00
2022-12-13,07:32:07,H,5.40,65.90
2022-12-13,07:32:17,H,5.40,65.90
2022-12-13,07:32:27,H,5.40,65.90
2022-12-13,07:32:37,H,5.40,65.90
2022-12-13,07:32:47,H,5.40,65.70
2022-12-13,07:32:57,H,5.30,65.70
2022-12-13,07:33:07,H,5.40,65.90
2022-12-13,07:33:17,H,5.40,66.00
2022-12-13,07:33:27,H,5.30,66.00
2022-12-13,07:33:37,H,5.40,65.90
2022-12-13,07:33:47,H,5.40,65.90
2022-12-13,07:33:57,H,5.40,66.00
2022-12-13,07:34:07,H,5.30,66.10
2022-12-13,07:34:17,H,5.40,66.20
2022-12-13,07:34:27,H,5.40,66.20
2022-12-13,07:34:37,H,5.40,66.20
2022-12-13,07:34:47,H,5.40,66.20
2022-12-13,07:34:57,H,5.40,66.10
2022-12-13,07:35:07,H,5.40,66.10
2022-12-13,07:35:17,H,5.40,66.10
2022-12-13,07:35:27,H,5.40,66.10
2022-12-13,07:35:37,H,5.40,66.00
2022-12-13,07:35:47,H,5.40,66.00
2022-12-13,07:35:57,H,5.40,66.00
2022-12-13,07:36:07,H,5.40,66.00
2022-12-13,07:36:17,H,5.40,66.00
2022-12-13,07:36:27,H,5.40,66.00
2022-12-13,07:36:37,H,5.40,66.00
2022-12-13,07:36:47,H,5.40,66.00
2022-12-13,07:36:57,H,5.40,66.00
2022-12-13,07:37:07,H,5.40,65.90
2022-12-13,07:37:17,H,5.40,65.90
2022-12-13,07:37:27,H,5.40,65.90
2022-12-13,07:37:37,H,5.40,66.00
2022-12-13,07:37:47,H,5.40,66.10
2022-12-13,07:37:57,H,5.40,66.20
2022-12-13,07:38:07,H,5.40,66.20
2022-12-13,07:38:17,H,5.40,66.20
2022-12-13,07:38:27,H,5.40,66.10
2022-12-13,07:38:37,H,5.40,66.10
2022-12-13,07:38:47,H,5.30,66.00
2022-12-13,07:38:57,H,5.40,65.90
2022-12-13,07:39:07,H,5.40,65.90
2022-12-13,07:39:17,H,5.40,65.80
2022-12-13,07:39:27,H,5.40,65.80
2022-12-13,07:39:37,H,5.40,65.80
2022-12-13,07:39:47,H,5.30,65.90
2022-12-13,07:39:57,H,5.40,65.80
2022-12-13,07:40:07,H,5.40,66.00
2022-12-13,07:40:17,H,5.30,66.10
2022-12-13,07:40:27,H,5.30,66.10
2022-12-13,07:40:37,H,5.30,66.10
2022-12-13,07:40:47,H,5.30,66.10
2022-12-13,07:40:57,H,5.30,66.00
2022-12-13,07:41:07,H,5.30,66.00
2022-12-13,07:41:17,H,5.30,66.10
2022-12-13,07:41:27,H,5.30,66.10
2022-12-13,07:41:37,H,5.30,66.00
2022-12-13,07:41:47,H,5.30,66.00
2022-12-13,07:41:57,H,5.30,66.00
2022-12-13,07:42:07,H,5.30,66.10
2022-12-13,07:42:17,H,5.30,66.20
2022-12-13,07:42:27,H,5.30,66.20
2022-12-13,07:42:37,H,5.30,66.20
2022-12-13,07:42:47,H,5.30,66.20
2022-12-13,07:42:57,H,5.30,66.20
2022-12-13,07:43:07,H,5.30,66.10
2022-12-13,07:43:17,H,5.30,66.10
2022-12-13,07:43:27,H,5.30,66.20
2022-12-13,07:43:37,H,5.30,66.20
2022-12-13,07:43:47,H,5.30,66.20
2022-12-13,07:43:57,H,5.30,66.20
2022-12-13,07:44:07,H,5.30,66.10
2022-12-13,07:44:17,H,5.30,66.20
2022-12-13,07:44:27,H,5.30,66.20
2022-12-13,07:44:37,H,5.30,66.20
2022-12-13,07:44:47,H,5.30,66.20
2022-12-13,07:44:57,H,5.30,66.20
2022-12-13,07:45:07,H,5.30,66.10
2022-12-13,07:45:17,H,5.30,66.20
2022-12-13,07:45:27,H,5.30,66.30
2022-12-13,07:45:37,H,5.30,66.40
2022-12-13,07:45:47,H,5.30,66.50
2022-12-13,07:45:57,H,5.30,66.50
2022-12-13,07:46:07,H,5.30,66.50
2022-12-13,07:46:17,H,5.30,66.40
2022-12-13,07:46:27,H,5.30,66.30
2022-12-13,07:46:37,H,5.30,66.20
2022-12-13,07:46:47,H,5.30,66.10
2022-12-13,07:46:57,H,5.30,66.10
2022-12-13,07:47:07,H,5.30,66.30
2022-12-13,07:47:17,H,5.30,66.40
2022-12-13,07:47:27,H,5.30,66.50
2022-12-13,07:47:37,H,5.30,66.60
2022-12-13,07:47:47,H,5.30,66.50
2022-12-13,07:47:57,H,5.30,66.60
2022-12-13,07:48:07,H,5.30,66.60
2022-12-13,07:48:17,H,5.30,66.60
2022-12-13,07:48:27,H,5.30,66.70
2022-12-13,07:48:37,H,5.30,66.60
2022-12-13,07:48:47,H,5.30,66.60
2022-12-13,07:48:57,H,5.30,66.60
2022-12-13,07:49:07,H,5.40,66.60
2022-12-13,07:49:17,H,5.30,66.50
2022-12-13,07:49:27,H,5.40,66.40
2022-12-13,07:49:37,H,5.40,66.40
2022-12-13,07:49:47,H,5.40,66.40
2022-12-13,07:50:07,H,5.40,66.50
2022-12-13,07:50:17,H,5.40,66.60
2022-12-13,07:50:27,H,5.40,66.60
2022-12-13,07:50:37,H,5.40,66.70
2022-12-13,07:50:47,H,5.40,66.60
2022-12-13,07:50:57,H,5.40,66.60
2022-12-13,07:51:07,H,5.40,66.60
2022-12-13,07:51:17,H,5.40,66.60
2022-12-13,07:51:27,H,5.40,66.70
2022-12-13,07:51:37,H,5.40,66.70
2022-12-13,07:51:47,H,5.40,66.70
2022-12-13,07:51:57,H,5.40,66.80
2022-12-13,07:52:07,H,5.40,66.60
2022-12-13,07:52:17,H,5.40,66.40
2022-12-13,07:52:27,H,5.40,66.20
2022-12-13,07:52:37,H,5.40,66.00
2022-12-13,07:52:47,H,5.40,66.00
2022-12-13,07:52:57,H,5.40,66.00
2022-12-13,07:53:07,H,5.40,66.20
2022-12-13,07:53:17,H,5.40,66.20
2022-12-13,07:53:27,H,5.40,66.20
2022-12-13,07:53:37,H,5.40,66.20
2022-12-13,07:53:47,H,5.40,66.20
2022-12-13,07:53:57,H,5.40,66.20
2022-12-13,07:54:07,H,5.40,66.20
2022-12-13,07:54:17,H,5.40,66.20
2022-12-13,07:54:27,H,5.40,66.20
2022-12-13,07:54:37,H,5.40,66.10
2022-12-13,07:54:47,H,5.40,66.00
2022-12-13,07:54:57,H,5.40,66.00
2022-12-13,07:55:07,H,5.40,66.00
2022-12-13,07:55:17,H,5.40,66.10
2022-12-13,07:55:27,H,5.40,66.20
2022-12-13,07:55:37,H,5.40,66.30
2022-12-13,07:55:47,H,5.40,66.20
2022-12-13,07:55:57,H,5.40,66.20
2022-12-13,07:56:07,H,5.40,66.20
2022-12-13,07:56:17,H,5.40,66.30
2022-12-13,07:56:27,H,5.40,66.30
2022-12-13,07:56:37,H,5.40,66.50
2022-12-13,07:56:47,H,5.40,66.40
2022-12-13,07:56:57,H,5.40,66.30
2022-12-13,07:57:07,H,5.40,66.20
2022-12-13,07:57:17,H,5.40,66.20
2022-12-13,07:57:27,H,5.40,66.30
2022-12-13,07:57:37,H,5.40,66.30
2022-12-13,07:57:47,H,5.40,66.30
2022-12-13,07:57:57,H,5.40,66.10
2022-12-13,07:58:07,H,5.40,66.00
2022-12-13,07:58:17,H,5.40,66.10
2022-12-13,07:58:27,H,5.40,66.20
2022-12-13,07:58:37,H,5.40,66.20
2022-12-13,07:58:47,H,5.30,66.20
2022-12-13,07:58:57,H,5.40,66.30
2022-12-13,07:59:07,H,5.30,66.30
2022-12-13,07:59:17,H,5.40,66.30
2022-12-13,07:59:27,H,5.40,66.20
2022-12-13,07:59:37,H,5.40,66.20
2022-12-13,07:59:47,H,5.40,66.20
2022-12-13,07:59:57,H,5.40,66.20
2022-12-13,08:00:07,H,5.30,66.30
2022-12-13,08:00:17,H,5.30,66.30
2022-12-13,08:00:27,H,5.40,66.30
2022-12-13,08:00:37,H,5.40,66.30
2022-12-13,08:00:47,H,5.40,66.20
2022-12-13,08:00:57,H,5.40,66.30
2022-12-13,08:01:07,H,5.40,66.30
2022-12-13,08:01:17,H,5.40,66.40
2022-12-13,08:01:27,H,5.40,66.30
2022-12-13,08:01:37,H,5.40,66.30
2022-12-13,08:01:47,H,5.40,66.10
2022-12-13,08:01:57,H,5.40,66.00
2022-12-13,08:02:07,H,5.40,66.10
2022-12-13,08:02:17,H,5.40,66.10
2022-12-13,08:02:27,H,5.30,66.20
2022-12-13,08:02:37,H,5.40,66.20
2022-12-13,08:02:47,H,5.40,66.30
2022-12-13,08:02:57,H,5.40,66.20
2022-12-13,08:03:07,H,5.40,66.30
2022-12-13,08:03:17,H,5.40,66.30
2022-12-13,08:03:27,H,5.40,66.30
2022-12-13,08:03:37,H,5.40,66.30
2022-12-13,08:03:47,H,5.40,66.20
2022-12-13,08:03:57,H,5.30,66.20
2022-12-13,08:04:07,H,5.40,66.00
2022-12-13,08:04:17,H,5.40,65.90
2022-12-13,08:04:27,H,5.40,65.90
2022-12-13,08:04:37,H,5.30,66.00
2022-12-13,08:04:47,H,5.30,66.00
2022-12-13,08:04:57,H,5.30,66.10
2022-12-13,08:05:07,H,5.30,66.10
2022-12-13,08:05:17,H,5.30,66.00
2022-12-13,08:05:27,H,5.30,66.00
2022-12-13,08:05:37,H,5.30,66.00
2022-12-13,08:05:47,H,5.30,65.90
2022-12-13,08:05:57,H,5.30,65.80
2022-12-13,08:06:07,H,5.30,65.90
2022-12-13,08:06:17,H,5.30,65.90
2022-12-13,08:06:27,H,5.30,66.00
2022-12-13,08:06:37,H,5.30,66.10
2022-12-13,08:06:47,H,5.30,66.20
2022-12-13,08:06:57,H,5.30,66.30
2022-12-13,08:07:07,H,5.30,66.20
2022-12-13,08:07:17,H,5.30,66.20
2022-12-13,08:07:27,H,5.30,66.20
2022-12-13,08:07:37,H,5.30,66.20
2022-12-13,08:07:47,H,5.30,66.10
2022-12-13,08:07:57,H,5.30,66.20
2022-12-13,08:08:07,H,5.30,66.20
2022-12-13,08:08:17,H,5.30,66.00
2022-12-13,08:08:27,H,5.30,66.00
2022-12-13,08:08:37,H,5.30,66.10
2022-12-13,08:08:47,H,5.30,66.20
2022-12-13,08:08:57,H,5.20,66.30
2022-12-13,08:09:07,H,5.30,66.30
2022-12-13,08:09:17,H,5.20,66.30
2022-12-13,08:09:27,H,5.20,66.20
2022-12-13,08:09:37,H,5.20,66.20
2022-12-13,08:09:47,H,5.20,66.20
2022-12-13,08:09:57,H,5.20,66.20
2022-12-13,08:10:07,H,5.20,66.30
2022-12-13,08:10:17,H,5.20,66.20
2022-12-13,08:10:27,H,5.20,66.20
2022-12-13,08:10:37,H,5.20,66.10
2022-12-13,08:10:47,H,5.20,66.10
2022-12-13,08:10:57,H,5.20,66.10
2022-12-13,08:11:07,H,5.20,66.20
2022-12-13,08:11:17,H,5.20,66.10
2022-12-13,08:11:27,H,5.20,66.00
2022-12-13,08:11:37,H,5.20,66.10
2022-12-13,08:11:47,H,5.20,66.20
2022-12-13,08:11:57,H,5.20,66.20
2022-12-13,08:12:07,H,5.20,66.20
2022-12-13,08:12:17,H,5.20,66.20
2022-12-13,08:12:27,H,5.20,66.20
2022-12-13,08:12:37,H,5.20,66.20
2022-12-13,08:12:47,H,5.20,66.10
2022-12-13,08:12:57,H,5.20,66.20
2022-12-13,08:13:07,H,5.20,66.20
2022-12-13,08:13:17,H,5.20,66.20
2022-12-13,08:13:27,H,5.20,66.20
2022-12-13,08:13:37,H,5.20,66.30
2022-12-13,08:13:47,H,5.20,66.40
2022-12-13,08:13:57,H,5.20,66.50
2022-12-13,08:14:07,H,5.20,66.40
2022-12-13,08:14:17,H,5.10,66.30
2022-12-13,08:14:27,H,5.10,66.40
2022-12-13,08:14:37,H,5.10,66.40
2022-12-13,08:14:47,H,5.10,66.50
2022-12-13,08:14:57,H,5.20,66.50
2022-12-13,08:15:07,H,5.10,66.50
2022-12-13,08:15:17,H,5.10,66.50
2022-12-13,08:15:27,H,5.10,66.50
2022-12-13,08:15:37,H,5.10,66.50
2022-12-13,08:15:47,H,5.10,66.60
2022-12-13,08:15:57,H,5.10,66.60
2022-12-13,08:16:07,H,5.10,66.60
2022-12-13,08:16:17,H,5.10,66.50
2022-12-13,08:16:27,H,5.20,66.60
2022-12-13,08:16:37,H,5.20,66.70
2022-12-13,08:16:47,H,5.10,66.70
2022-12-13,08:16:57,H,5.10,66.60
2022-12-13,08:17:07,H,5.10,66.60
2022-12-13,08:17:17,H,5.10,66.50
2022-12-13,08:17:27,H,5.10,66.50
2022-12-13,08:17:37,H,5.10,66.50
2022-12-13,08:17:47,H,5.10,66.50
2022-12-13,08:17:57,H,5.10,66.60
2022-12-13,08:18:07,H,5.10,66.60
2022-12-13,08:18:17,H,5.10,66.60
2022-12-13,08:18:27,H,5.10,66.60
2022-12-13,08:18:37,H,5.10,66.70
2022-12-13,08:18:47,H,5.10,66.70
2022-12-13,08:18:57,H,5.10,66.60
2022-12-13,08:19:07,H,5.10,66.50
2022-12-13,08:19:17,H,5.10,66.50
2022-12-13,08:19:27,H,5.10,66.60
2022-12-13,08:19:37,H,5.10,66.70
2022-12-13,08:19:47,H,5.10,66.80
2022-12-13,08:19:57,H,5.10,66.70
2022-12-13,08:20:07,H,5.10,66.60
2022-12-13,08:20:17,H,5.10,66.60
2022-12-13,08:20:27,H,5.10,66.70
2022-12-13,08:20:37,H,5.10,66.80
2022-12-13,08:20:47,H,5.10,66.80
2022-12-13,08:20:57,H,5.10,66.80
2022-12-13,08:21:07,H,5.10,66.80
2022-12-13,08:21:17,H,5.10,66.90
2022-12-13,08:21:27,H,5.10,66.90
2022-12-13,08:21:37,H,5.10,66.90
2022-12-13,08:21:47,H,5.10,66.70
2022-12-13,08:21:57,H,5.10,66.70
2022-12-13,08:22:07,H,5.10,66.70
2022-12-13,08:22:17,H,5.10,66.80
2022-12-13,08:22:27,H,5.10,66.80
2022-12-13,08:22:37,H,5.10,66.80
2022-12-13,08:22:47,H,5.10,66.70
2022-12-13,08:22:57,H,5.10,66.60
2022-12-13,08:23:07,H,5.10,66.60
2022-12-13,08:23:17,H,5.10,66.70
2022-12-13,08:23:27,H,5.10,66.70
2022-12-13,08:23:37,H,5.10,66.80
2022-12-13,08:23:47,H,5.10,66.80
2022-12-13,08:23:57,H,5.10,66.80
2022-12-13,08:24:07,H,5.10,66.80
2022-12-13,08:24:17,H,5.10,66.80
2022-12-13,08:24:27,H,5.10,66.80
2022-12-13,08:24:37,H,5.10,66.70
2022-12-13,08:24:47,H,5.10,66.70
2022-12-13,08:24:57,H,5.10,66.80
2022-12-13,08:25:07,H,5.10,66.80
2022-12-13,08:25:17,H,5.10,66.80
2022-12-13,08:25:27,H,5.10,66.80
2022-12-13,08:25:37,H,5.10,66.80
2022-12-13,08:25:47,H,5.10,66.60
2022-12-13,08:25:57,H,5.10,66.50
2022-12-13,08:26:07,H,5.10,66.60
2022-12-13,08:26:17,H,5.20,66.70
2022-12-13,08:26:27,H,5.10,66.70
2022-12-13,08:26:37,H,5.10,66.70
2022-12-13,08:26:47,H,5.20,66.70
2022-12-13,08:26:57,H,5.10,66.60
2022-12-13,08:27:07,H,5.10,66.60
2022-12-13,08:27:17,H,5.10,66.60
2022-12-13,08:27:27,H,5.10,66.60
2022-12-13,08:27:37,H,5.10,66.70
2022-12-13,08:27:47,H,5.10,66.50
2022-12-13,08:27:57,H,5.10,66.40
2022-12-13,08:28:07,H,5.10,66.40
2022-12-13,08:28:17,H,5.10,66.30
2022-12-13,08:28:27,H,5.10,66.40
2022-12-13,08:28:37,H,5.10,66.50
2022-12-13,08:28:47,H,5.10,66.50
2022-12-13,08:28:57,H,5.10,66.50
2022-12-13,08:29:07,H,5.10,66.50
2022-12-13,08:29:17,H,5.10,66.60
2022-12-13,08:29:27,H,5.10,66.50
2022-12-13,08:29:37,H,5.10,66.50
2022-12-13,08:29:47,H,5.10,66.60
2022-12-13,08:29:57,H,5.10,66.60
2022-12-13,08:30:07,H,5.10,66.60
2022-12-13,08:30:17,H,5.10,66.60
2022-12-13,08:30:27,H,5.10,66.60
2022-12-13,08:30:37,H,5.10,66.60
2022-12-13,08:30:47,H,5.10,66.60
2022-12-13,08:30:57,H,5.10,66.70
2022-12-13,08:31:07,H,5.10,66.70
2022-12-13,08:31:17,H,5.10,66.70
2022-12-13,08:31:27,H,5.10,66.70
2022-12-13,08:31:37,H,5.10,66.70
2022-12-13,08:31:47,H,5.10,66.70
2022-12-13,08:31:57,H,5.10,66.70
2022-12-13,08:32:07,H,5.10,66.70
2022-12-13,08:32:17,H,5.10,66.80
2022-12-13,08:32:27,H,5.10,66.80
2022-12-13,08:32:37,H,5.10,66.80
2022-12-13,08:32:47,H,5.20,66.70
2022-12-13,08:32:57,H,5.20,66.70
2022-12-13,08:33:07,H,5.20,66.70
2022-12-13,08:33:17,H,5.20,66.60
2022-12-13,08:33:27,H,5.10,66.50
2022-12-13,08:33:37,H,5.20,66.50
2022-12-13,08:33:47,H,5.20,66.50
2022-12-13,08:33:57,H,5.20,66.50
2022-12-13,08:34:07,H,5.20,66.50
2022-12-13,08:34:17,H,5.20,66.30
2022-12-13,08:34:27,H,5.20,66.30
2022-12-13,08:34:37,H,5.20,66.40
2022-12-13,08:34:47,H,5.20,66.40
2022-12-13,08:34:57,H,5.10,66.40
2022-12-13,08:35:07,H,5.20,66.30
2022-12-13,08:35:17,H,5.20,66.20
2022-12-13,08:35:27,H,5.20,66.30
2022-12-13,08:35:37,H,5.20,66.40
2022-12-13,08:35:47,H,5.10,66.50
2022-12-13,08:35:57,H,5.20,66.50
2022-12-13,08:36:07,H,5.20,66.60
2022-12-13,08:36:17,H,5.20,66.60
2022-12-13,08:36:27,H,5.20,66.60
2022-12-13,08:36:37,H,5.10,66.50
2022-12-13,08:36:47,H,5.20,66.50
2022-12-13,08:36:57,H,5.20,66.50
2022-12-13,08:37:07,H,5.20,66.50
2022-12-13,08:37:17,H,5.20,66.40
2022-12-13,08:37:27,H,5.20,66.40
2022-12-13,08:37:37,H,5.20,66.40
2022-12-13,08:37:47,H,5.20,66.50
2022-12-13,08:37:57,H,5.20,66.40
2022-12-13,08:38:07,H,5.20,66.30
2022-12-13,08:38:17,H,5.20,66.20
2022-12-13,08:38:27,H,5.20,66.40
2022-12-13,08:38:37,H,5.20,66.40
2022-12-13,08:38:47,H,5.20,66.60
2022-12-13,08:38:57,H,5.20,66.60
2022-12-13,08:39:07,H,5.20,66.60
2022-12-13,08:39:17,H,5.20,66.50
2022-12-13,08:39:27,H,5.20,66.40
2022-12-13,08:39:37,H,5.20,66.40
2022-12-13,08:39:47,H,5.20,66.40
2022-12-13,08:39:57,H,5.20,66.40
2022-12-13,08:40:07,H,5.20,66.20
2022-12-13,08:40:17,H,5.20,66.20
2022-12-13,08:40:27,H,5.20,66.10
2022-12-13,08:40:37,H,5.20,66.10
2022-12-13,08:40:47,H,5.20,66.20
2022-12-13,08:40:57,H,5.20,66.30
2022-12-13,08:41:07,H,5.20,66.40
2022-12-13,08:41:17,H,5.20,66.40
2022-12-13,08:41:37,H,5.20,66.30
2022-12-13,08:41:47,H,5.20,66.40
2022-12-13,08:41:57,H,5.20,66.50
2022-12-13,08:42:07,H,5.20,66.40
2022-12-13,08:42:17,H,5.20,66.40
2022-12-13,08:42:27,H,5.20,66.30
2022-12-13,08:42:37,H,5.20,66.20
2022-12-13,08:42:47,H,5.20,66.30
2022-12-13,08:42:57,H,5.20,66.40
2022-12-13,08:43:07,H,5.20,66.50
2022-12-13,08:43:17,H,5.20,66.50
2022-12-13,08:43:27,H,5.20,66.40
2022-12-13,08:43:37,H,5.20,66.30
2022-12-13,08:43:47,H,5.20,66.30
2022-12-13,08:43:57,H,5.20,66.20
2022-12-13,08:44:07,H,5.30,66.10
2022-12-13,08:44:17,H,5.30,66.20
2022-12-13,08:44:27,H,5.20,66.30
2022-12-13,08:44:37,H,5.20,66.40
2022-12-13,08:44:47,H,5.30,66.40
2022-12-13,08:44:57,H,5.30,66.50
2022-12-13,08:45:07,H,5.30,66.60
2022-12-13,08:45:17,H,5.30,66.50
2022-12-13,08:45:27,H,5.30,66.40
2022-12-13,08:45:37,H,5.30,66.40
2022-12-13,08:45:47,H,5.30,66.50
2022-12-13,08:45:57,H,5.30,66.40
2022-12-13,08:46:07,H,5.30,66.50
2022-12-13,08:46:17,H,5.30,66.50
2022-12-13,08:46:27,H,5.30,66.50
2022-12-13,08:46:37,H,5.30,66.60
2022-12-13,08:46:47,H,5.30,66.60
2022-12-13,08:46:57,H,5.30,66.60
2022-12-13,08:47:07,H,5.30,66.50
2022-12-13,08:47:17,H,5.30,66.40
2022-12-13,08:47:27,H,5.30,66.40
2022-12-13,08:47:37,H,5.30,66.40
2022-12-13,08:47:47,H,5.30,66.40
2022-12-13,08:47:57,H,5.30,66.30
2022-12-13,08:48:07,H,5.30,66.30
2022-12-13,08:48:17,H,5.30,66.10
2022-12-13,08:48:27,H,5.40,66.10
2022-12-13,08:48:37,H,5.30,66.10
2022-12-13,08:48:47,H,5.30,66.20
2022-12-13,08:48:57,H,5.30,66.30
2022-12-13,08:49:07,H,5.40,66.30
2022-12-13,08:49:17,H,5.40,66.30
2022-12-13,08:49:27,H,5.40,66.30
2022-12-13,08:49:37,H,5.40,66.30
2022-12-13,08:49:47,H,5.40,66.40
2022-12-13,08:49:57,H,5.40,66.50
2022-12-13,08:50:07,H,5.40,66.40
2022-12-13,08:50:17,H,5.40,66.30
2022-12-13,08:50:27,H,5.40,66.30
2022-12-13,08:50:37,H,5.40,66.30
2022-12-13,08:50:47,H,5.40,66.10
2022-12-13,08:50:57,H,5.40,65.80
2022-12-13,08:51:07,H,5.40,65.90
2022-12-13,08:51:17,H,5.40,66.10
2022-12-13,08:51:27,H,5.40,65.90
2022-12-13,08:51:37,H,5.40,65.80
2022-12-13,08:51:47,H,5.40,66.00
2022-12-13,08:51:57,H,5.40,66.10
2022-12-13,08:52:07,H,5.40,66.30
2022-12-13,08:52:17,H,5.40,66.20
2022-12-13,08:52:27,H,5.40,66.10
2022-12-13,08:52:37,H,5.40,66.10
2022-12-13,08:52:47,H,5.40,66.20
2022-12-13,08:52:57,H,5.40,66.20
2022-12-13,08:53:07,H,5.40,66.10
2022-12-13,08:53:17,H,5.40,66.10
2022-12-13,08:53:27,H,5.40,66.10
2022-12-13,08:53:37,H,5.40,66.10
2022-12-13,08:53:47,H,5.40,66.20
2022-12-13,08:53:57,H,5.40,66.10
2022-12-13,08:54:07,H,5.40,66.10
2022-12-13,08:54:17,H,5.40,66.10
2022-12-13,08:54:27,H,5.40,66.00
2022-12-13,08:54:37,H,5.40,66.10
2022-12-13,08:54:47,H,5.40,66.30
2022-12-13,08:54:57,H,5.40,66.40
2022-12-13,08:55:07,H,5.40,66.30
2022-12-13,08:55:17,H,5.40,66.30
2022-12-13,08:55:27,H,5.40,66.30
2022-12-13,08:55:37,H,5.40,66.30
2022-12-13,08:55:47,H,5.40,66.30
2022-12-13,08:55:57,H,5.40,66.30
2022-12-13,08:56:07,H,5.40,66.30
2022-12-13,08:56:17,H,5.50,66.30
2022-12-13,08:56:27,H,5.40,66.20
2022-12-13,08:56:37,H,5.40,66.20
2022-12-13,08:56:47,H,5.50,66.30
2022-12-13,08:56:57,H,5.50,66.20
2022-12-13,08:57:07,H,5.40,65.90
2022-12-13,08:57:17,H,5.50,65.90
2022-12-13,08:57:27,H,5.50,66.00
2022-12-13,08:57:37,H,5.40,66.10
2022-12-13,08:57:47,H,5.50,66.10
2022-12-13,08:57:57,H,5.50,66.20
2022-12-13,08:58:07,H,5.50,66.20
2022-12-13,08:58:17,H,5.50,66.30
2022-12-13,08:58:27,H,5.50,66.40
2022-12-13,08:58:37,H,5.50,66.40
2022-12-13,08:58:47,H,5.50,66.30
2022-12-13,08:58:57,H,5.50,66.20
2022-12-13,08:59:07,H,5.50,66.20
2022-12-13,08:59:17,H,5.50,66.30
2022-12-13,08:59:27,H,5.50,66.40
2022-12-13,08:59:37,H,5.50,66.30
2022-12-13,08:59:47,H,5.50,66.30
2022-12-13,08:59:57,H,5.50,66.20
2022-12-13,09:00:07,H,5.50,66.10
2022-12-13,09:00:17,H,5.50,66.10
2022-12-13,09:00:27,H,5.50,66.10
2022-12-13,09:00:37,H,5.50,66.10
2022-12-13,09:00:47,H,5.50,66.10
2022-12-13,09:00:57,H,5.50,66.00
2022-12-13,09:01:07,H,5.50,65.90
2022-12-13,09:01:17,H,5.50,65.90
2022-12-13,09:01:27,H,5.50,65.90
2022-12-13,09:01:37,H,5.50,65.90
2022-12-13,09:01:47,H,5.50,66.00
2022-12-13,09:01:57,H,5.50,65.90
2022-12-13,09:02:07,H,5.50,65.90
2022-12-13,09:02:17,H,5.50,66.00
2022-12-13,09:02:27,H,5.50,65.90
2022-12-13,09:02:37,H,5.50,65.90
2022-12-13,09:02:47,H,5.50,65.80
2022-12-13,09:02:57,H,5.50,65.70
2022-12-13,09:03:07,H,5.50,65.60
2022-12-13,09:03:17,H,5.50,65.60
2022-12-13,09:03:27,H,5.50,65.70
2022-12-13,09:03:37,H,5.50,65.70
2022-12-13,09:03:47,H,5.50,65.80
2022-12-13,09:03:57,H,5.50,65.90
2022-12-13,09:04:07,H,5.50,66.20
2022-12-13,09:04:17,H,5.50,66.30
2022-12-13,09:04:27,H,5.50,66.40
2022-12-13,09:04:37,H,5.50,66.40
2022-12-13,09:04:47,H,5.50,66.30
2022-12-13,09:04:57,H,5.60,66.00
2022-12-13,09:05:07,H,5.50,65.90
2022-12-13,09:05:17,H,5.60,65.90
2022-12-13,09:05:27,H,5.60,66.00
2022-12-13,09:05:37,H,5.60,65.90
2022-12-13,09:05:47,H,5.60,66.00
2022-12-13,09:05:57,H,5.60,66.10
2022-12-13,09:06:07,H,5.60,66.00
2022-12-13,09:06:17,H,5.60,65.90
2022-12-13,09:06:27,H,5.60,65.80
2022-12-13,09:06:37,H,5.60,65.60
2022-12-13,09:06:47,H,5.60,65.50
2022-12-13,09:06:57,H,5.60,65.70
2022-12-13,09:07:07,H,5.60,65.80
2022-12-13,09:07:17,H,5.60,65.70
2022-12-13,09:07:27,H,5.60,65.60
2022-12-13,09:07:37,H,5.60,65.60
2022-12-13,09:07:47,H,5.60,65.70
2022-12-13,09:07:57,H,5.60,66.00
2022-12-13,09:08:07,H,5.60,66.00
2022-12-13,09:08:17,H,5.60,66.00
2022-12-13,09:08:27,H,5.60,66.00
2022-12-13,09:08:37,H,5.60,66.10
2022-12-13,09:08:47,H,5.60,66.20
2022-12-13,09:08:57,H,5.60,66.10
2022-12-13,09:09:07,H,5.60,66.00
2022-12-13,09:09:17,H,5.60,66.10
2022-12-13,09:09:27,H,5.60,66.20
2022-12-13,09:09:37,H,5.60,66.20
2022-12-13,09:09:47,H,5.60,66.20
2022-12-13,09:09:57,H,5.60,66.20
2022-12-13,09:10:07,H,5.60,66.20
2022-12-13,09:10:17,H,5.60,66.10
2022-12-13,09:10:27,H,5.60,66.10
2022-12-13,09:10:37,H,5.60,66.10
2022-12-13,09:10:47,H,5.60,66.10
2022-12-13,09:10:57,H,5.60,66.10
2022-12-13,09:11:07,H,5.70,66.10
2022-12-13,09:11:17,H,5.60,66.00
2022-12-13,09:11:27,H,5.70,65.90
2022-12-13,09:11:37,H,5.70,65.90
2022-12-13,09:11:47,H,5.70,65.90
2022-12-13,09:11:57,H,5.70,65.80
2022-12-13,09:12:07,H,5.70,65.90
2022-12-13,09:12:17,H,5.70,65.80
2022-12-13,09:12:27,H,5.70,65.80
2022-12-13,09:12:37,H,5.70,65.80
2022-12-13,09:12:47,H,5.70,65.70
2022-12-13,09:12:57,H,5.70,65.80
2022-12-13,09:13:07,H,5.70,65.90
2022-12-13,09:13:17,H,5.70,66.00
2022-12-13,09:13:27,H,5.70,66.10
2022-12-13,09:13:37,H,5.70,66.10
2022-12-13,09:13:47,H,5.70,66.00
2022-12-13,09:13:57,H,5.70,66.00
2022-12-13,09:14:07,H,5.70,65.90
2022-12-13,09:14:17,H,5.70,65.80
2022-12-13,09:14:27,H,5.70,65.80
2022-12-13,09:14:37,H,5.70,65.80
2022-12-13,09:14:47,H,5.70,65.90
2022-12-13,09:14:57,H,5.70,65.80
2022-12-13,09:15:07,H,5.70,65.70
2022-12-13,09:15:17,H,5.70,65.60
2022-12-13,09:15:27,H,5.70,65.70
2022-12-13,09:15:37,H,5.70,65.70
2022-12-13,09:15:47,H,5.70,65.70
2022-12-13,09:15:57,H,5.70,65.50
2022-12-13,09:16:07,H,5.70,65.40
2022-12-13,09:16:17,H,5.70,65.50
2022-12-13,09:16:27,H,5.70,65.60
2022-12-13,09:16:37,H,5.70,65.80
2022-12-13,09:16:47,H,5.70,65.90
2022-12-13,09:16:57,H,5.70,65.90
2022-12-13,09:17:07,H,5.70,65.80
2022-12-13,09:17:17,H,5.70,65.90
2022-12-13,09:17:27,H,5.70,66.00
2022-12-13,09:17:37,H,5.70,66.10
2022-12-13,09:17:47,H,5.70,66.10
2022-12-13,09:17:57,H,5.70,66.10
2022-12-13,09:18:07,H,5.70,66.10
2022-12-13,09:18:17,H,5.70,66.00
2022-12-13,09:18:27,H,5.70,66.00
2022-12-13,09:18:37,H,5.70,65.90
2022-12-13,09:18:47,H,5.70,65.90
2022-12-13,09:18:57,H,5.70,66.00
2022-12-13,09:19:07,H,5.70,66.00
2022-12-13,09:19:17,H,5.70,66.20
2022-12-13,09:19:27,H,5.70,66.30
2022-12-13,09:19:37,H,5.70,66.30
2022-12-13,09:19:47,H,5.70,66.20
2022-12-13,09:19:57,H,5.70,66.20
2022-12-13,09:20:07,H,5.70,66.10
2022-12-13,09:20:17,H,5.70,66.00
2022-12-13,09:20:27,H,5.70,66.00
2022-12-13,09:20:37,H,5.70,66.00
2022-12-13,09:20:47,H,5.70,66.00
2022-12-13,09:20:57,H,5.70,65.90
2022-12-13,09:21:07,H,5.70,65.80
2022-12-13,09:21:17,H,5.70,65.90
2022-12-13,09:21:27,H,5.70,65.90
2022-12-13,09:21:37,H,5.70,65.90
2022-12-13,09:21:47,H,5.70,65.80
2022-12-13,09:21:57,H,5.70,65.80
2022-12-13,09:22:07,H,5.70,65.90
2022-12-13,09:22:17,H,5.70,66.00
2022-12-13,09:22:27,H,5.70,65.70
2022-12-13,09:22:37,H,5.70,65.60
2022-12-13,09:22:47,H,5.70,65.50
2022-12-13,09:22:57,H,5.70,65.70
2022-12-13,09:23:07,H,5.70,65.60
2022-12-13,09:23:17,H,5.70,65.40
2022-12-13,09:23:27,H,5.70,65.40
2022-12-13,09:23:37,H,5.70,65.40
2022-12-13,09:23:47,H,5.70,65.60
2022-12-13,09:23:57,H,5.70,65.60
2022-12-13,09:24:07,H,5.70,65.70
2022-12-13,09:24:17,H,5.70,65.60
2022-12-13,09:24:27,H,5.70,65.60
2022-12-13,09:24:37,H,5.70,65.60
2022-12-13,09:24:47,H,5.70,65.70
2022-12-13,09:24:57,H,5.70,65.50
2022-12-13,09:25:07,H,5.70,65.60
2022-12-13,09:25:17,H,5.70,65.70
2022-12-13,09:25:27,H,5.70,65.80
2022-12-13,09:25:37,H,5.70,66.00
2022-12-13,09:25:47,H,5.70,65.90
2022-12-13,09:25:57,H,5.70,65.90
2022-12-13,09:26:07,H,5.70,65.80
2022-12-13,09:26:17,H,5.70,65.60
2022-12-13,09:26:27,H,5.70,65.80
2022-12-13,09:26:37,H,5.70,66.00
2022-12-13,09:26:47,H,5.70,66.10
2022-12-13,09:26:57,H,5.70,66.20
2022-12-13,09:27:07,H,5.70,66.20
2022-12-13,09:27:17,H,5.70,66.10
2022-12-13,09:27:27,H,5.70,66.20
2022-12-13,09:27:37,H,5.70,66.20
2022-12-13,09:27:57,H,5.70,65.90
2022-12-13,09:28:07,H,5.80,65.90
2022-12-13,09:28:17,H,5.80,65.80
2022-12-13,09:28:27,H,5.80,65.90
2022-12-13,09:28:37,H,5.80,65.80
2022-12-13,09:28:47,H,5.80,65.90
2022-12-13,09:28:57,H,5.80,65.90
2022-12-13,09:29:07,H,5.80,66.00
2022-12-13,09:29:17,H,5.80,66.00
2022-12-13,09:29:27,H,5.80,66.10
2022-12-13,09:29:37,H,5.80,66.00
2022-12-13,09:29:47,H,5.80,66.00
2022-12-13,09:29:57,H,5.80,66.10
2022-12-13,09:30:07,H,5.80,66.10
2022-12-13,09:30:17,H,5.80,66.20
2022-12-13,09:30:27,H,5.80,66.30
2022-12-13,09:30:37,H,5.80,66.30
2022-12-13,09:30:47,H,5.80,66.20
2022-12-13,09:30:57,H,5.80,66.20
2022-12-13,09:31:07,H,5.80,66.20
2022-12-13,09:31:17,H,5.80,66.20
2022-12-13,09:31:27,H,5.80,66.10
2022-12-13,09:31:37,H,5.80,66.00
2022-12-13,09:31:47,H,5.80,65.90
2022-12-13,09:31:57,H,5.80,65.80
2022-12-13,09:32:07,H,5.80,65.60
2022-12-13,09:32:17,H,5.80,65.50
2022-12-13,09:32:27,H,5.80,65.50
2022-12-13,09:32:37,H,5.80,65.60
2022-12-13,09:32:47,H,5.80,65.60
2022-12-13,09:32:57,H,5.80,65.60
2022-12-13,09:33:07,H,5.80,65.80
2022-12-13,09:33:17,H,5.80,65.80
2022-12-13,09:33:27,H,5.80,65.90
2022-12-13,09:33:37,H,5.80,66.00
2022-12-13,09:33:47,H,5.80,66.00
2022-12-13,09:33:57,H,5.80,65.90
2022-12-13,09:34:07,H,5.80,66.00
2022-12-13,09:34:17,H,5.80,65.90
2022-12-13,09:34:27,H,5.80,65.80
2022-12-13,09:34:37,H,5.90,65.90
2022-12-13,09:34:47,H,5.80,65.70
2022-12-13,09:34:57,H,5.80,65.80
2022-12-13,09:35:07,H,5.80,65.80
2022-12-13,09:35:17,H,5.80,65.70
2022-12-13,09:35:27,H,5.80,65.60
2022-12-13,09:35:37,H,5.80,65.70
2022-12-13,09:35:47,H,5.80,65.70
2022-12-13,09:35:57,H,5.80,65.70
2022-12-13,09:36:07,H,5.80,65.90
2022-12-13,09:36:17,H,5.80,66.00
2022-12-13,09:36:27,H,5.80,66.00
2022-12-13,09:36:37,H,5.80,65.90
2022-12-13,09:36:47,H,5.90,65.90
2022-12-13,09:36:57,H,5.90,66.00
2022-12-13,09:37:07,H,5.80,66.10
2022-12-13,09:37:17,H,5.90,66.10
2022-12-13,09:37:27,H,5.90,65.90
2022-12-13,09:37:37,H,5.90,65.90
2022-12-13,09:37:47,H,5.80,65.80
2022-12-13,09:37:57,H,5.90,65.80
2022-12-13,09:38:07,H,5.90,65.80
2022-12-13,09:38:17,H,5.80,65.80
2022-12-13,09:38:27,H,5.80,65.60
2022-12-13,09:38:37,H,5.90,65.60
2022-12-13,09:38:47,H,5.90,65.70
2022-12-13,09:38:57,H,5.80,65.60
2022-12-13,09:39:07,H,5.90,65.60
2022-12-13,09:39:17,H,5.80,65.70
2022-12-13,09:39:27,H,5.80,65.80
2022-12-13,09:39:37,H,5.80,66.00
2022-12-13,09:39:47,H,5.80,66.00
2022-12-13,09:39:57,H,5.80,66.10
2022-12-13,09:40:07,H,5.90,66.00
2022-12-13,09:40:17,H,5.80,66.00
2022-12-13,09:40:27,H,5.80,65.80
2022-12-13,09:40:37,H,5.80,65.90
2022-12-13,09:40:57,H,5.80,65.60
2022-12-13,09:41:07,H,5.80,65.50
2022-12-13,09:41:17,H,5.80,65.60
2022-12-13,09:41:27,H,5.80,65.70
2022-12-13,09:41:37,H,5.80,65.70
2022-12-13,09:41:47,H,5.80,65.70
2022-12-13,09:41:57,H,5.80,65.80
2022-12-13,09:42:07,H,5.80,65.80
2022-12-13,09:42:17,H,5.80,65.90
2022-12-13,09:42:27,H,5.80,65.80
2022-12-13,09:42:37,H,5.80,65.80
2022-12-13,09:42:47,H,5.80,65.90
2022-12-13,09:42:57,H,5.80,65.90
2022-12-13,09:43:07,H,5.80,66.00
2022-12-13,09:43:17,H,5.80,65.90
2022-12-13,09:43:27,H,5.80,66.00
2022-12-13,09:43:37,H,5.80,66.00
2022-12-13,09:43:47,H,5.80,66.00
2022-12-13,09:43:57,H,5.80,65.90
2022-12-13,09:44:07,H,5.80,65.90
2022-12-13,09:44:17,H,5.80,66.00
2022-12-13,09:44:27,H,5.80,66.00
2022-12-13,09:44:37,H,5.80,66.10
2022-12-13,09:44:47,H,5.80,66.10
2022-12-13,09:44:57,H,5.80,66.10
2022-12-13,09:45:07,H,5.80,66.10
2022-12-13,09:45:17,H,5.80,66.10
2022-12-13,09:45:27,H,5.80,66.00
2022-12-13,09:45:37,H,5.80,65.90
2022-12-13,09:45:47,H,5.80,66.00
2022-12-13,09:45:57,H,5.80,66.10
2022-12-13,09:46:07,H,5.80,66.10
2022-12-13,09:46:17,H,5.80,66.30
2022-12-13,09:46:27,H,5.80,66.30
2022-12-13,09:46:37,H,5.80,66.20
2022-12-13,09:46:47,H,5.80,66.20
2022-12-13,09:46:57,H,5.80,66.20
2022-12-13,09:47:07,H,5.80,66.20
2022-12-13,09:47:17,H,5.80,66.20
2022-12-13,09:47:27,H,5.80,66.20
2022-12-13,09:47:37,H,5.80,66.10
2022-12-13,09:47:47,H,5.80,66.00
2022-12-13,09:47:57,H,5.80,65.90
2022-12-13,09:48:07,H,5.80,65.90
2022-12-13,09:48:17,H,5.80,65.90
2022-12-13,09:48:27,H,5.80,66.10
2022-12-13,09:48:37,H,5.80,66.00
2022-12-13,09:48:47,H,5.80,66.00
2022-12-13,09:48:57,H,5.80,65.90
2022-12-13,09:49:07,H,5.80,65.80
2022-12-13,09:49:17,H,5.80,66.00
2022-12-13,09:49:27,H,5.80,66.10
2022-12-13,09:49:37,H,5.80,65.90
2022-12-13,09:49:47,H,5.80,66.00
2022-12-13,09:49:57,H,5.80,66.00
2022-12-13,09:50:07,H,5.80,66.00
2022-12-13,09:50:17,H,5.80,66.10
2022-12-13,09:50:27,H,5.80,66.10
2022-12-13,09:50:37,H,5.80,66.00
2022-12-13,09:50:47,H,5.80,66.10
2022-12-13,09:50:57,H,5.80,66.10
2022-12-13,09:51:07,H,5.80,66.20
2022-12-13,09:51:17,H,5.80,66.30
2022-12-13,09:51:27,H,5.80,66.20
2022-12-13,09:51:37,H,5.80,66.30
2022-12-13,09:51:47,H,5.80,66.40
2022-12-13,09:51:57,H,5.80,66.40
2022-12-13,09:52:07,H,5.80,66.20
2022-12-13,09:52:17,H,5.80,66.10
2022-12-13,09:52:27,H,5.80,66.20
2022-12-13,09:52:37,H,5.80,66.20
2022-12-13,09:52:47,H,5.80,66.30
2022-12-13,09:52:57,H,5.80,66.30
2022-12-13,09:53:07,H,5.80,66.30
2022-12-13,09:53:17,H,5.80,66.20
2022-12-13,09:53:27,H,5.80,66.20
2022-12-13,09:53:37,H,5.80,66.30
2022-12-13,09:53:47,H,5.90,66.40
2022-12-13,09:53:57,H,5.80,66.40
2022-12-13,09:54:07,H,5.80,66.40
2022-12-13,09:54:17,H,5.80,66.30
2022-12-13,09:54:27,H,5.80,66.40
2022-12-13,09:54:37,H,5.80,66.50
2022-12-13,09:54:47,H,5.80,66.50
2022-12-13,09:54:57,H,5.90,66.50
2022-12-13,09:55:07,H,5.90,66.50
2022-12-13,09:55:17,H,5.90,66.40
2022-12-13,09:55:27,H,5.80,66.40
2022-12-13,09:55:37,H,5.80,66.50
2022-12-13,09:55:47,H,5.90,66.50
2022-12-13,09:55:57,H,5.80,66.50
2022-12-13,09:56:07,H,5.90,66.50
2022-12-13,09:56:17,H,5.90,66.50
2022-12-13,09:56:27,H,5.90,66.60
2022-12-13,09:56:37,H,5.90,66.50
2022-12-13,09:56:47,H,5.90,66.50
2022-12-13,09:56:57,H,5.90,66.50
2022-12-13,09:57:07,H,5.90,66.50
2022-12-13,09:57:17,H,5.90,66.60
2022-12-13,09:57:27,H,5.90,66.60
2022-12-13,09:57:37,H,5.90,66.60
2022-12-13,09:57:47,H,5.90,66.60
2022-12-13,09:57:57,H,5.90,66.70
2022-12-13,09:58:07,H,5.90,66.50
2022-12-13,09:58:17,H,5.90,66.40
2022-12-13,09:58:27,H,5.90,66.40
2022-12-13,09:58:37,H,5.90,66.40
2022-12-13,09:58:47,H,5.90,66.30
2022-12-13,09:58:57,H,5.90,66.20
2022-12-13,09:59:07,H,5.90,66.30
2022-12-13,09:59:17,H,5.90,66.40
2022-12-13,09:59:27,H,5.90,66.30
2022-12-13,09:59:37,H,5.80,66.40
2022-12-13,09:59:47,H,5.90,66.60
2022-12-13,09:59:57,H,5.90,66.70
2022-12-13,10:00:07,H,5.90,66.70
2022-12-13,10:00:17,H,5.90,66.70
2022-12-13,10:00:27,H,5.90,66.70
2022-12-13,10:00:37,H,5.90,66.70
2022-12-13,10:00:47,H,5.90,66.60
2022-12-13,10:00:57,H,5.90,66.50
2022-12-13,10:01:07,H,5.80,66.40
2022-12-13,10:01:17,H,5.80,66.40
2022-12-13,10:01:27,H,5.80,66.40
2022-12-13,10:01:37,H,5.80,66.50
2022-12-13,10:01:47,H,5.90,66.60
2022-12-13,10:01:57,H,5.80,66.60
2022-12-13,10:02:07,H,5.80,66.70
2022-12-13,10:02:17,H,5.90,66.60
2022-12-13,10:02:27,H,5.80,66.70
2022-12-13,10:02:37,H,5.80,66.50
2022-12-13,10:02:47,H,5.80,66.40
2022-12-13,10:02:57,H,5.80,66.40
2022-12-13,10:03:07,H,5.80,66.50
2022-12-13,10:03:17,H,5.80,66.60
2022-12-13,10:03:27,H,5.80,66.50
2022-12-13,10:03:37,H,5.80,66.50
2022-12-13,10:03:47,H,5.80,66.50
2022-12-13,10:03:57,H,5.80,66.40
2022-12-13,10:04:07,H,5.80,66.60
2022-12-13,10:04:17,H,5.80,66.70
2022-12-13,10:04:27,H,5.80,66.80
2022-12-13,10:04:37,H,5.80,66.90
2022-12-13,10:04:47,H,5.80,67.00
2022-12-13,10:04:57,H,5.80,66.90
2022-12-13,10:05:07,H,5.80,66.90
2022-12-13,10:05:17,H,5.80,66.90
2022-12-13,10:05:27,H,5.80,66.90
2022-12-13,10:05:37,H,5.80,67.00
2022-12-13,10:05:47,H,5.80,67.00
2022-12-13,10:05:57,H,5.80,67.00
2022-12-13,10:06:07,H,5.80,67.00
2022-12-13,10:06:17,H,5.80,67.10
2022-12-13,10:06:27,H,5.80,67.20
2022-12-13,10:06:37,H,5.80,67.20
2022-12-13,10:06:47,H,5.80,67.20
2022-12-13,10:06:57,H,5.80,67.20
2022-12-13,10:07:07,H,5.80,67.00
2022-12-13,10:07:17,H,5.80,67.00
2022-12-13,10:07:27,H,5.80,67.00
2022-12-13,10:07:37,H,5.80,67.00
2022-12-13,10:07:47,H,5.80,67.10
2022-12-13,10:07:57,H,5.80,67.00
2022-12-13,10:08:07,H,5.80,66.80
2022-12-13,10:08:17,H,5.80,66.60
2022-12-13,10:08:27,H,5.80,66.70
2022-12-13,10:08:37,H,5.80,66.80
2022-12-13,10:08:47,H,5.80,66.50
2022-12-13,10:08:57,H,5.80,66.60
2022-12-13,10:09:07,H,5.80,66.60
2022-12-13,10:09:17,H,5.80,66.60
2022-12-13,10:09:27,H,5.80,66.70
2022-12-13,10:09:37,H,5.80,66.80
2022-12-13,10:09:47,H,5.80,66.80
2022-12-13,10:09:57,H,5.80,66.80
2022-12-13,10:10:07,H,5.80,66.80
2022-12-13,10:10:17,H,5.80,66.80
2022-12-13,10:10:27,H,5.80,66.60
2022-12-13,10:10:37,H,5.70,66.50
2022-12-13,10:10:47,H,5.80,66.60
2022-12-13,10:10:57,H,5.70,66.60
2022-12-13,10:11:07,H,5.70,66.80
2022-12-13,10:11:17,H,5.80,66.90
2022-12-13,10:11:27,H,5.70,67.00
2022-12-13,10:11:37,H,5.80,67.10
2022-12-13,10:11:47,H,5.80,66.90
2022-12-13,10:11:57,H,5.70,66.90
2022-12-13,10:12:07,H,5.70,66.80
2022-12-13,10:12:17,H,5.70,66.90
2022-12-13,10:12:27,H,5.70,67.00
2022-12-13,10:12:37,H,5.70,67.10
2022-12-13,10:12:47,H,5.70,67.10
2022-12-13,10:12:57,H,5.70,67.10
2022-12-13,10:13:07,H,5.80,67.00
2022-12-13,10:13:17,H,5.80,67.00
2022-12-13,10:13:27,H,5.80,67.10
2022-12-13,10:13:37,H,5.80,67.10
2022-12-13,10:13:47,H,5.80,67.20
2022-12-13,10:13:57,H,5.80,67.20
2022-12-13,10:14:07,H,5.80,67.00
2022-12-13,10:14:17,H,5.80,67.00
2022-12-13,10:14:27,H,5.80,66.90
2022-12-13,10:14:37,H,5.80,67.10
2022-12-13,10:14:47,H,5.80,67.20
2022-12-13,10:14:57,H,5.80,67.20
2022-12-13,10:15:07,H,5.80,67.20
2022-12-13,10:15:17,H,5.80,67.00
2022-12-13,10:15:27,H,5.80,67.00
2022-12-13,10:15:37,H,5.80,67.20
2022-12-13,10:15:47,H,5.80,67.20
2022-12-13,10:15:57,H,5.80,67.00
2022-12-13,10:16:07,H,5.80,66.90
2022-12-13,10:16:17,H,5.80,66.90
2022-12-13,10:16:27,H,5.80,67.00
2022-12-13,10:16:37,H,5.80,67.00
2022-12-13,10:16:47,H,5.80,67.00
2022-12-13,10:16:57,H,5.80,66.90
2022-12-13,10:17:07,H,5.80,66.90
2022-12-13,10:17:17,H,5.80,67.00
2022-12-13,10:17:27,H,5.80,67.10
2022-12-13,10:17:37,H,5.80,67.10
2022-12-13,10:17:47,H,5.80,67.20
2022-12-13,10:17:57,H,5.80,67.30
2022-12-13,10:18:07,H,5.80,67.20
2022-12-13,10:18:17,H,5.80,67.10
2022-12-13,10:18:27,H,5.80,67.10
2022-12-13,10:18:37,H,5.80,67.10
2022-12-13,10:18:47,H,5.80,67.00
2022-12-13,10:18:57,H,5.80,67.00
2022-12-13,10:19:07,H,5.80,67.00
2022-12-13,10:19:17,H,5.80,67.00
2022-12-13,10:19:27,H,5.80,67.00
2022-12-13,10:19:37,H,5.80,67.00
2022-12-13,10:19:47,H,5.80,67.00
2022-12-13,10:19:57,H,5.80,67.00
2022-12-13,10:20:07,H,5.80,66.90
2022-12-13,10:20:17,H,5.80,66.90
2022-12-13,10:20:27,H,5.80,66.90
2022-12-13,10:20:37,H,5.80,67.00
2022-12-13,10:20:47,H,5.80,67.00
2022-12-13,10:20:57,H,5.80,67.00
2022-12-13,10:21:07,H,5.80,66.90
2022-12-13,10:21:17,H,5.80,67.00
2022-12-13,10:21:27,H,5.80,67.10
2022-12-13,10:21:37,H,5.80,67.00
2022-12-13,10:21:47,H,5.80,67.10
2022-12-13,10:21:57,H,5.80,67.30
2022-12-13,10:22:07,H,5.80,67.30
2022-12-13,10:22:17,H,5.80,67.20
2022-12-13,10:22:27,H,5.80,67.20
2022-12-13,10:22:37,H,5.80,67.20
2022-12-13,10:22:47,H,5.80,67.00
2022-12-13,10:22:57,H,5.80,67.00
2022-12-13,10:23:07,H,5.80,67.10
2022-12-13,10:23:17,H,5.80,67.00
2022-12-13,10:23:27,H,5.80,66.90
2022-12-13,10:23:37,H,5.80,67.00
2022-12-13,10:23:47,H,5.80,67.10
2022-12-13,10:23:57,H,5.80,67.10
2022-12-13,10:24:07,H,5.80,67.10
2022-12-13,10:24:17,H,5.80,67.00
2022-12-13,10:24:27,H,5.90,66.90
2022-12-13,10:24:37,H,5.80,66.90
2022-12-13,10:24:47,H,5.90,66.90
2022-12-13,10:24:57,H,5.80,66.90
2022-12-13,10:25:07,H,5.90,67.10
2022-12-13,10:25:17,H,5.80,67.20
2022-12-13,10:25:27,H,5.80,67.20
2022-12-13,10:25:37,H,5.90,67.10
2022-12-13,10:25:47,H,5.90,67.00
2022-12-13,10:25:57,H,5.90,67.10
2022-12-13,10:26:07,H,5.90,67.20
2022-12-13,10:26:17,H,5.90,67.30
2022-12-13,10:26:27,H,5.90,67.20
2022-12-13,10:26:37,H,5.80,67.10
2022-12-13,10:26:47,H,5.90,67.10
2022-12-13,10:26:57,H,5.90,67.00
2022-12-13,10:27:07,H,5.90,66.90
2022-12-13,10:27:17,H,5.90,66.90
2022-12-13,10:27:27,H,5.90,67.10
2022-12-13,10:27:37,H,5.90,67.10
2022-12-13,10:27:47,H,5.90,67.00
2022-12-13,10:27:57,H,5.90,66.80
2022-12-13,10:28:07,H,5.90,66.80
2022-12-13,10:28:17,H,5.90,66.80
2022-12-13,10:28:27,H,5.90,66.90
2022-12-13,10:28:37,H,5.90,67.00
2022-12-13,10:28:47,H,5.90,66.90
2022-12-13,10:28:57,H,5.90,66.90
2022-12-13,10:29:07,H,5.90,66.90
2022-12-13,10:29:17,H,5.90,66.80
2022-12-13,10:29:27,H,5.90,66.70
2022-12-13,10:29:47,H,5.90,66.90
2022-12-13,10:29:57,H,5.90,66.90
2022-12-13,10:30:07,H,5.90,66.90
2022-12-13,10:30:17,H,5.90,66.90
2022-12-13,10:30:27,H,5.90,67.00
2022-12-13,10:30:37,H,5.90,67.10
2022-12-13,10:30:47,H,5.90,67.20
2022-12-13,10:30:57,H,5.90,67.20
2022-12-13,10:31:07,H,5.90,67.20
2022-12-13,10:31:17,H,5.90,67.00
2022-12-13,10:31:27,H,5.90,66.80
2022-12-13,10:31:37,H,5.90,66.80
2022-12-13,10:31:47,H,5.90,66.80
2022-12-13,10:31:57,H,5.90,66.90
2022-12-13,10:32:07,H,5.90,66.90
2022-12-13,10:32:17,H,5.90,66.90
2022-12-13,10:32:27,H,5.90,66.80
2022-12-13,10:32:37,H,5.90,66.60
2022-12-13,10:32:47,H,5.90,66.30
2022-12-13,10:32:57,H,5.90,66.40
2022-12-13,10:33:07,H,5.90,66.50
2022-12-13,10:33:17,H,5.90,66.60
2022-12-13,10:33:27,H,5.90,66.60
2022-12-13,10:33:37,H,5.90,66.60
2022-12-13,10:33:47,H,5.90,66.50
2022-12-13,10:33:57,H,5.90,66.60
2022-12-13,10:34:07,H,5.90,66.70
2022-12-13,10:34:17,H,5.90,66.90
2022-12-13,10:34:27,H,5.90,66.80
2022-12-13,10:34:37,H,5.90,66.60
2022-12-13,10:34:47,H,5.90,66.60
2022-12-13,10:34:57,H,5.90,66.60
2022-12-13,10:35:07,H,5.90,66.70
2022-12-13,10:35:17,H,5.90,66.80
2022-12-13,10:35:27,H,5.90,66.80
2022-12-13,10:35:37,H,5.90,66.80
2022-12-13,10:35:47,H,5.90,66.80
2022-12-13,10:35:57,H,5.90,66.70
2022-12-13,10:36:07,H,5.80,66.80
2022-12-13,10:36:17,H,5.90,66.70
2022-12-13,10:36:27,H,5.80,66.70
2022-12-13,10:36:37,H,5.90,66.70
2022-12-13,10:36:47,H,5.90,66.80
2022-12-13,10:36:57,H,5.90,66.80
2022-12-13,10:37:07,H,5.90,66.80
2022-12-13,10:37:17,H,5.80,66.70
2022-12-13,10:37:27,H,5.80,66.70
2022-12-13,10:37:37,H,5.80,66.70
2022-12-13,10:37:47,H,5.90,66.80
2022-12-13,10:37:57,H,5.90,66.80
2022-12-13,10:38:07,H,5.90,66.90
2022-12-13,10:38:17,H,5.90,66.90
2022-12-13,10:38:27,H,5.80,66.90
2022-12-13,10:38:37,H,5.80,66.90
2022-12-13,10:38:47,H,5.80,66.90
2022-12-13,10:38:57,H,5.80,66.90
2022-12-13,10:39:07,H,5.80,67.00
2022-12-13,10:39:27,H,5.80,66.90
2022-12-13,10:39:37,H,5.80,66.80
2022-12-13,10:39:47,H,5.80,66.80
2022-12-13,10:39:57,H,5.80,66.80
2022-12-13,10:40:07,H,5.80,66.70
2022-12-13,10:40:17,H,5.80,66.70
2022-12-13,10:40:27,H,5.80,66.70
2022-12-13,10:40:37,H,5.80,66.70
2022-12-13,10:40:47,H,5.80,66.70
2022-12-13,10:40:57,H,5.80,66.70
2022-12-13,10:41:07,H,5.80,66.70
2022-12-13,10:41:17,H,5.80,66.70
2022-12-13,10:41:27,H,5.80,66.70
2022-12-13,10:41:37,H,5.80,66.70
2022-12-13,10:41:47,H,5.80,66.70
2022-12-13,10:41:57,H,5.80,66.70
2022-12-13,10:42:07,H,5.80,66.70
2022-12-13,10:42:17,H,5.80,66.70
2022-12-13,10:42:27,H,5.80,66.70
2022-12-13,10:42:37,H,5.80,66.70
2022-12-13,10:42:47,H,5.80,66.70
2022-12-13,10:42:57,H,5.80,66.70
2022-12-13,10:43:07,H,5.80,66.70
2022-12-13,10:43:17,H,5.80,66.80
2022-12-13,10:43:27,H,5.80,66.80
2022-12-13,10:43:37,H,5.80,66.90
2022-12-13,10:43:47,H,5.80,66.90
2022-12-13,10:43:57,H,5.70,66.90
2022-12-13,10:44:07,H,5.70,66.90
2022-12-13,10:44:17,H,5.70,66.90
2022-12-13,10:44:27,H,5.70,66.90
2022-12-13,10:44:37,H,5.70,66.90
2022-12-13,10:44:47,H,5.70,66.90
2022-12-13,10:44:57,H,5.70,66.90
2022-12-13,10:45:07,H,5.70,66.80
2022-12-13,10:45:17,H,5.70,66.90
2022-12-13,10:45:27,H,5.70,66.90
2022-12-13,10:45:37,H,5.70,66.90
2022-12-13,10:45:47,H,5.70,66.90
2022-12-13,10:45:57,H,5.70,66.90
2022-12-13,10:46:07,H,5.70,66.90
2022-12-13,10:46:17,H,5.70,66.90
2022-12-13,10:46:27,H,5.70,66.90
2022-12-13,10:46:37,H,5.70,66.90
2022-12-13,10:46:47,H,5.70,66.90
2022-12-13,10:46:57,H,5.70,66.80
2022-12-13,10:47:07,H,5.60,66.80
2022-12-13,10:47:17,H,5.70,66.90
2022-12-13,10:47:27,H,5.70,66.90
2022-12-13,10:47:37,H,5.70,66.90
2022-12-13,10:47:47,H,5.70,67.00
2022-12-13,10:47:57,H,5.60,66.90
2022-12-13,10:48:07,H,5.60,66.90
2022-12-13,10:48:17,H,5.60,66.90
2022-12-13,10:48:27,H,5.60,66.90
2022-12-13,10:48:37,H,5.60,66.90
2022-12-13,10:48:47,H,5.60,66.90
2022-12-13,10:48:57,H,5.60,66.90
2022-12-13,10:49:07,H,5.60,67.00
2022-12-13,10:49:17,H,5.60,67.00
2022-12-13,10:49:27,H,5.60,66.80
2022-12-13,10:49:37,H,5.60,66.80
2022-12-13,10:49:47,H,5.60,66.80
2022-12-13,10:49:57,H,5.60,66.80
2022-12-13,10:50:07,H,5.60,66.90
2022-12-13,10:50:17,H,5.60,66.90
2022-12-13,10:50:27,H,5.60,66.90
2022-12-13,10:50:37,H,5.50,66.90
2022-12-13,10:50:47,H,5.50,67.00
2022-12-13,10:50:57,H,5.50,67.10
2022-12-13,10:51:07,H,5.50,67.10
2022-12-13,10:51:17,H,5.50,67.10
2022-12-13,10:51:27,H,5.50,67.10
2022-12-13,10:51:37,H,5.50,67.00
2022-12-13,10:51:47,H,5.50,67.00
2022-12-13,10:51:57,H,5.40,67.10
2022-12-13,10:52:07,H,5.40,67.10
2022-12-13,10:52:17,H,5.40,67.10
2022-12-13,10:52:27,H,5.40,67.20
2022-12-13,10:52:37,H,5.40,67.10
2022-12-13,10:52:47,H,5.40,67.10
2022-12-13,10:52:57,H,5.40,67.20
2022-12-13,10:53:07,H,5.40,67.20
2022-12-13,10:53:17,H,5.40,67.30
2022-12-13,10:53:27,H,5.40,67.30
2022-12-13,10:53:37,H,5.30,67.30
2022-12-13,10:53:47,H,5.30,67.40
2022-12-13,10:53:57,H,5.30,67.50
2022-12-13,10:54:07,H,5.30,67.60
2022-12-13,10:54:17,H,5.30,67.70
2022-12-13,10:54:27,H,5.30,67.70
2022-12-13,10:54:37,H,5.30,67.70
2022-12-13,10:54:47,H,5.30,67.80
2022-12-13,10:54:57,H,5.30,67.70
2022-12-13,10:55:07,H,5.30,67.70
2022-12-13,10:55:17,H,5.30,67.70
2022-12-13,10:55:27,H,5.30,67.80
2022-12-13,10:55:37,H,5.30,67.90
2022-12-13,10:55:47,H,5.30,67.90
2022-12-13,10:55:57,H,5.20,67.90
2022-12-13,10:56:07,H,5.20,67.90
2022-12-13,10:56:17,H,5.20,68.00
2022-12-13,10:56:27,H,5.20,68.00
2022-12-13,10:56:37,H,5.20,68.00
2022-12-13,10:56:47,H,5.20,68.00
2022-12-13,10:56:57,H,5.20,68.10
2022-12-13,10:57:07,H,5.20,68.10
2022-12-13,10:57:17,H,5.20,68.10
2022-12-13,10:57:27,H,5.20,68.00
2022-12-13,10:57:37,H,5.20,68.10
2022-12-13,10:57:47,H,5.20,68.20
2022-12-13,10:57:57,H,5.20,68.20
2022-12-13,10:58:07,H,5.20,68.20
2022-12-13,10:58:17,H,5.20,68.20
2022-12-13,10:58:27,H,5.20,68.30
2022-12-13,10:58:37,H,5.20,68.30
2022-12-13,10:58:47,H,5.20,68.30
2022-12-13,10:58:57,H,5.20,68.30
2022-12-13,10:59:07,H,5.20,68.30
2022-12-13,10:59:17,H,5.20,68.30
2022-12-13,10:59:27,H,5.20,68.40
2022-12-13,10:59:37,H,5.20,68.40
2022-12-13,10:59:47,H,5.20,68.40
2022-12-13,11:00:17,H,5.10,68.20
2022-12-13,11:00:27,H,5.20,68.20
2022-12-13,11:00:37,H,5.10,68.20
2022-12-13,11:00:47,H,5.10,68.30
2022-12-13,11:00:57,H,5.10,68.40
2022-12-13,11:01:07,H,5.10,68.50
2022-12-13,11:01:17,H,5.10,68.50
2022-12-13,11:01:27,H,5.10,68.60
2022-12-13,11:01:37,H,5.10,68.60
2022-12-13,11:01:47,H,5.10,68.60
2022-12-13,11:01:57,H,5.10,68.60
2022-12-13,11:02:07,H,5.10,68.70
2022-12-13,11:02:17,H,5.10,68.60
2022-12-13,11:02:27,H,5.10,68.60
2022-12-13,11:02:37,H,5.10,68.60
2022-12-13,11:02:47,H,5.10,68.60
2022-12-13,11:02:57,H,5.10,68.60
2022-12-13,11:03:07,H,5.10,68.70
2022-12-13,11:03:17,H,5.10,68.60
2022-12-13,11:03:27,H,5.10,68.60
2022-12-13,11:03:37,H,5.10,68.50
2022-12-13,11:03:47,H,5.10,68.60
2022-12-13,11:03:57,H,5.10,68.70
2022-12-13,11:04:07,H,5.10,68.70
2022-12-13,11:04:17,H,5.10,68.80
2022-12-13,11:04:27,H,5.10,68.80
2022-12-13,11:04:37,H,5.10,68.70
2022-12-13,11:04:47,H,5.10,68.80
2022-12-13,11:04:57,H,5.10,68.80
2022-12-13,11:05:07,H,5.10,68.80
2022-12-13,11:05:17,H,5.10,68.70
2022-12-13,11:05:27,H,5.10,68.70
2022-12-13,11:05:37,H,5.10,68.70
2022-12-13,11:05:47,H,5.10,68.60
2022-12-13,11:05:57,H,5.10,68.50
2022-12-13,11:06:07,H,5.10,68.50
2022-12-13,11:06:17,H,5.10,68.60
2022-12-13,11:06:27,H,5.10,68.60
2022-12-13,11:06:37,H,5.10,68.70
2022-12-13,11:06:47,H,5.10,68.80
2022-12-13,11:06:57,H,5.10,68.80
2022-12-13,11:07:07,H,5.10,68.80
2022-12-13,11:07:17,H,5.00,68.80
2022-12-13,11:07:27,H,5.10,68.80
2022-12-13,11:07:37,H,5.00,68.80
2022-12-13,11:07:47,H,5.10,68.80
2022-12-13,11:07:57,H,5.10,68.90
2022-12-13,11:08:07,H,5.10,68.90
2022-12-13,11:08:17,H,5.00,69.00
2022-12-13,11:08:27,H,5.00,68.90
2022-12-13,11:08:37,H,5.00,68.90
2022-12-13,11:08:47,H,5.10,68.90
2022-12-13,11:08:57,H,5.10,68.90
2022-12-13,11:09:07,H,5.10,68.90
2022-12-13,11:09:17,H,5.00,68.90
2022-12-13,11:09:27,H,5.00,68.90
2022-12-13,11:09:37,H,5.00,69.00
2022-12-13,11:09:47,H,5.00,69.00
2022-12-13,11:09:57,H,5.00,69.00
2022-12-13,11:10:07,H,5.00,69.10
2022-12-13,11:10:17,H,5.00,69.20
2022-12-13,11:10:27,H,5.00,69.20
2022-12-13,11:10:37,H,5.00,69.20
2022-12-13,11:10:47,H,5.00,69.20
2022-12-13,11:10:57,H,5.00,69.20
2022-12-13,11:11:07,H,5.10,69.30
2022-12-13,11:11:17,H,5.10,69.30
2022-12-13,11:11:27,H,5.10,69.30
2022-12-13,11:11:37,H,5.10,69.20
2022-12-13,11:11:47,H,5.10,69.10
2022-12-13,11:11:57,H,5.10,69.10
2022-12-13,11:12:07,H,5.10,69.10
2022-12-13,11:12:17,H,5.10,69.10
2022-12-13,11:12:27,H,5.10,69.10
2022-12-13,11:12:37,H,5.10,69.20
2022-12-13,11:12:47,H,5.10,69.20
2022-12-13,11:12:57,H,5.10,69.10
2022-12-13,11:13:07,H,5.10,69.10
2022-12-13,11:13:17,H,5.10,69.20
2022-12-13,11:13:27,H,5.10,69.10
2022-12-13,11:13:37,H,5.10,69.10
2022-12-13,11:13:47,H,5.10,69.10
2022-12-13,11:13:57,H,5.10,69.20
2022-12-13,11:14:07,H,5.10,69.20
2022-12-13,11:14:17,H,5.10,69.20
2022-12-13,11:14:27,H,5.10,69.10
2022-12-13,11:14:37,H,5.10,69.00
2022-12-13,11:14:47,H,5.10,69.10
2022-12-13,11:14:57,H,5.10,69.00
2022-12-13,11:15:07,H,5.10,69.00
2022-12-13,11:15:17,H,5.10,69.00
2022-12-13,11:15:27,H,5.10,69.00
2022-12-13,11:15:37,H,5.10,69.00
2022-12-13,11:15:47,H,5.10,69.00
2022-12-13,11:15:57,H,5.10,69.10
2022-12-13,11:16:07,H,5.10,69.10
2022-12-13,11:16:17,H,5.10,69.00
2022-12-13,11:16:27,H,5.10,69.00
2022-12-13,11:16:37,H,5.10,69.00
2022-12-13,11:16:47,H,5.10,69.10
2022-12-13,11:16:57,H,5.10,69.10
2022-12-13,11:17:07,H,5.10,69.20
2022-12-13,11:17:17,H,5.10,69.10
2022-12-13,11:17:27,H,5.10,69.10
2022-12-13,11:17:37,H,5.10,69.10
2022-12-13,11:17:47,H,5.10,69.10
2022-12-13,11:17:57,H,5.10,69.10
2022-12-13,11:18:07,H,5.10,69.10
2022-12-13,11:18:17,H,5.10,69.00
2022-12-13,11:18:27,H,5.10,69.00
2022-12-13,11:18:37,H,5.10,69.10
2022-12-13,11:18:47,H,5.10,69.10
2022-12-13,11:18:57,H,5.10,69.20
2022-12-13,11:19:07,H,5.10,69.20
2022-12-13,11:19:17,H,5.10,69.20
2022-12-13,11:19:27,H,5.10,69.20
2022-12-13,11:19:37,H,5.10,69.20
2022-12-13,11:19:47,H,5.10,69.10
2022-12-13,11:19:57,H,5.10,69.10
2022-12-13,11:20:07,H,5.10,69.00
2022-12-13,11:20:17,H,5.10,68.90
2022-12-13,11:20:27,H,5.10,68.90
2022-12-13,11:20:47,H,5.10,69.00
2022-12-13,11:20:57,H,5.10,69.10
2022-12-13,11:21:07,H,5.10,69.20
2022-12-13,11:21:17,H,5.10,69.20
2022-12-13,11:21:27,H,5.10,69.20
2022-12-13,11:21:37,H,5.10,69.20
2022-12-13,11:21:47,H,5.10,69.00
2022-12-13,11:21:57,H,5.10,68.90
2022-12-13,11:22:07,H,5.10,68.90
2022-12-13,11:22:17,H,5.10,69.00
2022-12-13,11:22:27,H,5.10,69.10
2022-12-13,11:22:37,H,5.10,69.10
2022-12-13,11:22:47,H,5.10,69.10
2022-12-13,11:22:57,H,5.20,69.10
2022-12-13,11:23:07,H,5.10,69.10
2022-12-13,11:23:17,H,5.20,69.10
2022-12-13,11:23:27,H,5.20,69.10
2022-12-13,11:23:37,H,5.20,69.00
2022-12-13,11:23:47,H,5.20,68.90
2022-12-13,11:23:57,H,5.20,69.00
2022-12-13,11:24:07,H,5.20,69.00
2022-12-13,11:24:17,H,5.20,69.10
2022-12-13,11:24:27,H,5.20,69.10
2022-12-13,11:24:37,H,5.20,69.10
2022-12-13,11:24:47,H,5.20,69.00
2022-12-13,11:24:57,H,5.20,69.00
2022-12-13,11:25:07,H,5.20,69.00
2022-12-13,11:25:17,H,5.20,68.90
2022-12-13,11:25:27,H,5.20,68.80
2022-12-13,11:25:37,H,5.20,68.80
2022-12-13,11:25:47,H,5.20,68.80
2022-12-13,11:25:57,H,5.20,68.70
2022-12-13,11:26:07,H,5.20,68.70
2022-12-13,11:26:17,H,5.20,68.80
2022-12-13,11:26:27,H,5.20,68.80
2022-12-13,11:26:37,H,5.20,68.80
2022-12-13,11:26:47,H,5.20,68.60
2022-12-13,11:26:57,H,5.20,68.60
2022-12-13,11:27:07,H,5.20,68.80
2022-12-13,11:27:17,H,5.20,68.90
2022-12-13,11:27:27,H,5.20,68.90
2022-12-13,11:27:37,H,5.20,68.80
2022-12-13,11:27:47,H,5.20,68.80
2022-12-13,11:27:57,H,5.20,68.70
2022-12-13,11:28:07,H,5.20,68.80
2022-12-13,11:28:17,H,5.20,68.80
2022-12-13,11:28:27,H,5.20,68.70
2022-12-13,11:28:37,H,5.20,68.70
2022-12-13,11:28:47,H,5.20,68.80
2022-12-13,11:28:57,H,5.20,68.90
2022-12-13,11:29:07,H,5.20,68.90
2022-12-13,11:29:17,H,5.20,68.90
2022-12-13,11:29:27,H,5.20,68.80
2022-12-13,11:29:37,H,5.20,68.80
2022-12-13,11:29:47,H,5.20,68.60
2022-12-13,11:29:57,H,5.20,68.60
2022-12-13,11:30:07,H,5.20,68.70
2022-12-13,11:30:17,H,5.20,68.70
2022-12-13,11:30:27,H,5.20,68.60
2022-12-13,11:30:37,H,5.20,68.60
2022-12-13,11:30:47,H,5.20,68.70
2022-12-13,11:30:57,H,5.20,68.80
2022-12-13,11:31:07,H,5.20,68.70
2022-12-13,11:31:17,H,5.20,68.60
2022-12-13,11:31:27,H,5.20,68.70
2022-12-13,11:31:37,H,5.20,68.80
2022-12-13,11:31:47,H,5.20,68.80
2022-12-13,11:31:57,H,5.30,68.80
2022-12-13,11:32:07,H,5.30,68.70
2022-12-13,11:32:17,H,5.20,68.70
2022-12-13,11:32:27,H,5.30,68.60
2022-12-13,11:32:37,H,5.30,68.60
2022-12-13,11:32:47,H,5.30,68.60
2022-12-13,11:32:57,H,5.20,68.60
2022-12-13,11:33:07,H,5.30,68.50
2022-12-13,11:33:17,H,5.30,68.50
2022-12-13,11:33:27,H,5.30,68.50
2022-12-13,11:33:37,H,5.30,68.40
2022-12-13,11:33:47,H,5.30,68.50
2022-12-13,11:33:57,H,5.30,68.60
2022-12-13,11:34:07,H,5.30,68.70
2022-12-13,11:34:17,H,5.30,68.70
2022-12-13,11:34:27,H,5.30,68.70
2022-12-13,11:34:37,H,5.30,68.70
2022-12-13,11:34:47,H,5.30,68.60
2022-12-13,11:34:57,H,5.30,68.60
2022-12-13,11:35:07,H,5.30,68.60
2022-12-13,11:35:17,H,5.30,68.50
2022-12-13,11:35:27,H,5.30,68.50
2022-12-13,11:35:37,H,5.30,68.60
2022-12-13,11:35:47,H,5.30,68.60
2022-12-13,11:35:57,H,5.30,68.30
2022-12-13,11:36:07,H,5.30,68.00
2022-12-13,11:36:17,H,5.30,68.10
2022-12-13,11:36:27,H,5.30,68.20
2022-12-13,11:36:37,H,5.30,68.30
2022-12-13,11:36:47,H,5.40,68.30
2022-12-13,11:36:57,H,5.40,68.30
2022-12-13,11:37:07,H,5.40,68.20
2022-12-13,11:37:17,H,5.40,68.10
2022-12-13,11:37:27,H,5.40,68.00
2022-12-13,11:37:37,H,5.40,68.20
2022-12-13,11:37:47,H,5.40,68.10
2022-12-13,11:37:57,H,5.40,68.10
2022-12-13,11:38:07,H,5.40,68.20
2022-12-13,11:38:17,H,5.40,68.30
2022-12-13,11:38:27,H,5.40,68.30
2022-12-13,11:38:37,H,5.40,68.30
2022-12-13,11:38:47,H,5.40,68.30
2022-12-13,11:38:57,H,5.40,68.40
2022-12-13,11:39:07,H,5.40,68.20
2022-12-13,11:39:17,H,5.40,68.10
2022-12-13,11:39:27,H,5.50,68.00
2022-12-13,11:39:37,H,5.50,68.10
2022-12-13,11:39:47,H,5.50,68.10
2022-12-13,11:39:57,H,5.50,68.10
2022-12-13,11:40:07,H,5.50,68.00
2022-12-13,11:40:17,H,5.50,67.80
2022-12-13,11:40:27,H,5.50,67.80
2022-12-13,11:40:37,H,5.50,67.90
2022-12-13,11:40:47,H,5.50,68.00
2022-12-13,11:40:57,H,5.50,68.00
2022-12-13,11:41:07,H,5.50,68.10
2022-12-13,11:41:17,H,5.60,68.10
2022-12-13,11:41:27,H,5.60,68.10
2022-12-13,11:41:37,H,5.60,68.10
2022-12-13,11:41:47,H,5.60,68.20
2022-12-13,11:41:57,H,5.60,68.20
2022-12-13,11:42:17,H,5.60,68.20
2022-12-13,11:42:27,H,5.60,68.20
2022-12-13,11:42:37,H,5.60,68.30
2022-12-13,11:42:47,H,5.60,68.20
2022-12-13,11:42:57,H,5.70,68.10
2022-12-13,11:43:07,H,5.70,68.00
2022-12-13,11:43:17,H,5.70,67.90
2022-12-13,11:43:27,H,5.70,67.90
2022-12-13,11:43:37,H,5.70,67.90
2022-12-13,11:43:47,H,5.70,67.80
2022-12-13,11:43:57,H,5.70,67.70
2022-12-13,11:44:07,H,5.70,67.70
2022-12-13,11:44:17,H,5.70,67.80
2022-12-13,11:44:27,H,5.80,67.60
2022-12-13,11:44:37,H,5.80,67.50
2022-12-13,11:44:47,H,5.80,67.60
2022-12-13,11:44:57,H,5.80,67.60
2022-12-13,11:45:07,H,5.80,67.50
2022-12-13,11:45:17,H,5.80,67.50
2022-12-13,11:45:27,H,5.80,67.40
2022-12-13,11:45:37,H,5.80,67.40
2022-12-13,11:45:47,H,5.90,67.40
2022-12-13,11:45:57,H,5.90,67.40
2022-12-13,11:46:07,H,5.90,67.50
2022-12-13,11:46:17,H,5.90,67.50
2022-12-13,11:46:27,H,5.90,67.50
2022-12-13,11:46:37,H,5.90,67.50
2022-12-13,11:46:47,H,5.90,67.50
2022-12-13,11:46:57,H,5.90,67.30
2022-12-13,11:47:07,H,5.90,66.80
2022-12-13,11:47:17,H,5.90,66.80
2022-12-13,11:47:27,H,6.00,67.00
2022-12-13,11:47:37,H,6.00,67.20
2022-12-13,11:47:47,H,6.00,67.30
2022-12-13,11:47:57,H,6.00,67.20
2022-12-13,11:48:07,H,6.00,67.10
2022-12-13,11:48:17,H,6.00,67.20
2022-12-13,11:48:27,H,6.00,67.20
2022-12-13,11:48:37,H,6.00,67.00
2022-12-13,11:48:47,H,6.00,67.00
2022-12-13,11:48:57,H,6.00,67.00
2022-12-13,11:49:07,H,6.10,66.90
2022-12-13,11:49:17,H,6.10,67.00
2022-12-13,11:49:27,H,6.10,67.00
2022-12-13,11:49:37,H,6.10,66.80
2022-12-13,11:49:47,H,6.10,66.70
2022-12-13,11:49:57,H,6.10,66.70
2022-12-13,11:50:07,H,6.10,66.80
2022-12-13,11:50:17,H,6.10,66.90
2022-12-13,11:50:27,H,6.10,66.90
2022-12-13,11:50:37,H,6.10,67.00
2022-12-13,11:50:47,H,6.10,67.00
2022-12-13,11:50:57,H,6.20,67.00
2022-12-13,11:51:07,H,6.20,66.90
2022-12-13,11:51:17,H,6.20,66.90
2022-12-13,11:51:27,H,6.20,66.90
2022-12-13,11:51:37,H,6.20,66.90
2022-12-13,11:51:47,H,6.20,66.70
2022-12-13,11:51:57,H,6.20,66.40
2022-12-13,11:52:07,H,6.20,66.40
2022-12-13,11:52:27,H,6.20,66.30
2022-12-13,11:52:37,H,6.20,66.30
2022-12-13,11:52:47,H,6.20,66.00
2022-12-13,11:52:57,H,6.20,65.80
2022-12-13,11:53:07,H,6.20,65.80
2022-12-13,11:53:17,H,6.30,65.70
2022-12-13,11:53:27,H,6.30,65.60
2022-12-13,11:53:37,H,6.30,65.60
2022-12-13,11:53:47,H,6.30,65.40
2022-12-13,11:53:57,H,6.30,65.20
2022-12-13,11:54:07,H,6.30,65.40
2022-12-13,11:54:17,H,6.30,65.60
2022-12-13,11:54:27,H,6.30,65.50
2022-12-13,11:54:37,H,6.30,65.20
2022-12-13,11:54:47,H,6.30,65.00
2022-12-13,11:54:57,H,6.30,65.10
2022-12-13,11:55:07,H,6.30,65.20
2022-12-13,11:55:17,H,6.30,65.30
2022-12-13,11:55:27,H,6.30,65.40
2022-12-13,11:55:37,H,6.30,65.30
2022-12-13,11:55:47,H,6.40,65.10
2022-12-13,11:55:57,H,6.40,64.80
2022-12-13,11:56:07,H,6.40,64.40
2022-12-13,11:56:17,H,6.40,63.80
2022-12-13,11:56:27,H,6.40,63.50
2022-12-13,11:56:37,H,6.40,63.30
2022-12-13,11:56:47,H,6.40,63.20
2022-12-13,11:56:57,H,6.40,63.70
2022-12-13,11:57:07,H,6.40,63.80
2022-12-13,11:57:17,H,6.40,64.00
2022-12-13,11:57:27,H,6.40,64.10
2022-12-13,11:57:37,H,6.40,64.20
2022-12-13,11:57:47,H,6.40,64.20
2022-12-13,11:57:57,H,6.40,64.10
2022-12-13,11:58:07,H,6.40,64.10
2022-12-13,11:58:17,H,6.40,64.30
2022-12-13,11:58:27,H,6.40,63.60
2022-12-13,11:58:37,H,6.40,63.30
2022-12-13,11:58:47,H,6.40,62.80
2022-12-13,11:58:57,H,6.40,62.70
2022-12-13,11:59:07,H,6.40,63.00
2022-12-13,11:59:17,H,6.40,63.00
2022-12-13,11:59:27,H,6.40,62.70
2022-12-13,11:59:37,H,6.40,62.90
2022-12-13,11:59:47,H,6.40,62.90
2022-12-13,11:59:57,H,6.40,62.50
2022-12-13,12:00:07,H,6.40,62.40
2022-12-13,12:00:17,H,6.40,62.70
2022-12-13,12:00:27,H,6.40,62.80
2022-12-13,12:00:37,H,6.40,62.90
2022-12-13,12:00:47,H,6.40,62.90
2022-12-13,12:00:57,H,6.40,62.20
2022-12-13,12:01:07,H,6.40,62.20
2022-12-13,12:01:17,H,6.40,61.80
2022-12-13,12:01:27,H,6.40,61.60
2022-12-13,12:01:37,H,6.40,61.40
2022-12-13,12:01:47,H,6.40,61.30
2022-12-13,12:01:57,H,6.40,61.30
2022-12-13,12:02:07,H,6.40,61.60
2022-12-13,12:02:17,H,6.30,61.70
2022-12-13,12:02:27,H,6.40,62.00
2022-12-13,12:02:47,H,6.30,62.00
2022-12-13,12:02:57,H,6.40,61.90
2022-12-13,12:03:07,H,6.30,62.20
2022-12-13,12:03:17,H,6.40,62.50
2022-12-13,12:03:27,H,6.30,62.50
2022-12-13,12:03:37,H,6.30,62.00
2022-12-13,12:03:47,H,6.30,61.60
2022-12-13,12:03:57,H,6.30,61.30
2022-12-13,12:04:07,H,6.30,60.90
2022-12-13,12:04:17,H,6.30,60.60
2022-12-13,12:04:27,H,6.30,60.80
2022-12-13,12:04:37,H,6.30,61.30
2022-12-13,12:04:47,H,6.30,61.30
2022-12-13,12:04:57,H,6.30,61.40
2022-12-13,12:05:07,H,6.30,61.40
2022-12-13,12:05:17,H,6.30,61.60
2022-12-13,12:05:27,H,6.30,61.70
2022-12-13,12:05:37,H,6.30,61.50
2022-12-13,12:05:47,H,6.30,61.30
2022-12-13,12:05:57,H,6.30,61.10
2022-12-13,12:06:07,H,6.30,60.90
2022-12-13,12:06:17,H,6.30,60.50
2022-12-13,12:06:27,H,6.30,60.30
2022-12-13,12:06:37,H,6.30,60.60
2022-12-13,12:06:47,H,6.30,60.80
2022-12-13,12:06:57,H,6.30,60.30
2022-12-13,12:07:07,H,6.30,60.10
2022-12-13,12:07:17,H,6.30,60.40
2022-12-13,12:07:27,H,6.30,60.70
2022-12-13,12:07:37,H,6.20,60.80
2022-12-13,12:07:47,H,6.30,60.90
2022-12-13,12:07:57,H,6.30,60.90
2022-12-13,12:08:07,H,6.30,60.90
2022-12-13,12:08:17,H,6.30,61.00
2022-12-13,12:08:27,H,6.30,61.20
2022-12-13,12:08:37,H,6.30,61.20
2022-12-13,12:08:47,H,6.30,60.80
2022-12-13,12:08:57,H,6.30,60.50
2022-12-13,12:09:07,H,6.30,60.50
2022-12-13,12:09:17,H,6.30,60.60
2022-12-13,12:09:27,H,6.30,60.60
2022-12-13,12:09:37,H,6.30,60.40
2022-12-13,12:09:47,H,6.30,60.50
2022-12-13,12:09:57,H,6.30,60.50
2022-12-13,12:10:07,H,6.30,60.40
2022-12-13,12:10:17,H,6.30,60.40
2022-12-13,12:10:27,H,6.30,60.10
2022-12-13,12:10:47,H,6.30,60.10
2022-12-13,12:10:57,H,6.30,60.40
2022-12-13,12:11:07,H,6.30,60.40
2022-12-13,12:11:17,H,6.30,60.30
2022-12-13,12:11:27,H,6.30,60.30
2022-12-13,12:11:37,H,6.30,60.40
2022-12-13,12:11:47,H,6.30,60.50
2022-12-13,12:11:57,H,6.30,60.60
2022-12-13,12:12:07,H,6.30,60.80
2022-12-13,12:12:17,H,6.30,60.70
2022-12-13,12:12:27,H,6.30,60.50
2022-12-13,12:12:37,H,6.30,60.40
2022-12-13,12:12:47,H,6.30,60.50
2022-12-13,12:12:57,H,6.30,60.50
2022-12-13,12:13:07,H,6.30,60.30
2022-12-13,12:13:17,H,6.30,60.40
2022-12-13,12:13:27,H,6.30,60.20
2022-12-13,12:13:37,H,6.30,60.10
2022-12-13,12:13:47,H,6.30,60.10
2022-12-13,12:13:57,H,6.30,60.30
2022-12-13,12:14:07,H,6.30,60.30
2022-12-13,12:14:17,H,6.30,60.10
2022-12-13,12:14:37,H,6.40,60.10
2022-12-13,12:15:57,H,6.40,60.10
2022-12-13,12:16:47,H,6.40,60.10
2022-12-13,12:16:57,H,6.40,60.10
2022-12-13,12:17:07,H,6.40,60.10
2022-12-13,13:10:37,H,5.80,60.20
2022-12-13,13:10:47,H,5.80,60.20
2022-12-13,13:11:17,H,5.80,60.20
2022-12-13,13:11:27,H,5.80,60.30
2022-12-13,13:11:37,H,5.80,60.10
2022-12-13,13:16:57,H,5.60,60.20
2022-12-13,13:17:07,H,5.60,60.20
2022-12-13,13:17:17,H,5.70,60.40
2022-12-13,13:17:27,H,5.70,60.50
2022-12-13,13:17:37,H,5.70,60.60
2022-12-13,13:17:47,H,5.70,60.40
2022-12-13,13:17:57,H,5.70,60.30
2022-12-13,13:18:37,H,5.70,60.40
2022-12-13,13:18:47,H,5.70,60.50
2022-12-13,13:18:57,H,5.70,60.20
2022-12-13,13:19:07,H,5.70,60.30
2022-12-13,13:19:17,H,5.70,60.30
2022-12-13,13:19:27,H,5.70,60.30
2022-12-13,13:19:37,H,5.70,60.20
2022-12-13,13:19:47,H,5.70,60.40
2022-12-13,13:19:57,H,5.70,60.40
2022-12-13,13:20:07,H,5.70,60.10
2022-12-13,13:20:27,H,5.70,60.10
2022-12-13,13:20:57,H,5.70,60.20
2022-12-13,13:21:07,H,5.70,60.30
2022-12-13,13:21:17,H,5.70,60.40
2022-12-13,13:21:27,H,5.70,60.30
2022-12-13,13:21:37,H,5.70,60.30
2022-12-13,13:21:47,H,5.70,60.40
2022-12-13,13:21:57,H,5.70,60.50
2022-12-13,13:22:07,H,5.70,60.70
2022-12-13,13:22:17,H,5.70,60.80
2022-12-13,13:22:27,H,5.70,60.70
2022-12-13,13:22:37,H,5.70,60.50
2022-12-13,13:22:47,H,5.70,60.60
2022-12-13,13:22:57,H,5.70,60.60
2022-12-13,13:23:07,H,5.70,60.50
2022-12-13,13:23:17,H,5.70,60.60
2022-12-13,13:23:27,H,5.80,60.70
2022-12-13,13:23:37,H,5.70,60.80
2022-12-13,13:23:47,H,5.80,60.90
2022-12-13,13:23:57,H,5.80,60.90
2022-12-13,13:24:07,H,5.80,60.70
2022-12-13,13:24:17,H,5.80,60.80
2022-12-13,13:24:27,H,5.80,60.80
2022-12-13,13:24:37,H,5.80,60.60
2022-12-13,13:24:47,H,5.80,60.70
2022-12-13,13:24:57,H,5.80,60.80
2022-12-13,13:25:07,H,5.80,60.90
2022-12-13,13:25:17,H,5.80,60.70
2022-12-13,13:25:27,H,5.80,60.20
2022-12-13,13:25:37,H,5.80,60.20
2022-12-13,13:25:47,H,5.80,60.10
2022-12-13,13:25:57,H,5.80,60.10
2022-12-13,13:26:07,H,5.80,60.30
2022-12-13,13:26:17,H,5.80,60.60
2022-12-13,13:26:27,H,5.90,60.50
2022-12-13,13:26:37,H,5.90,60.60
2022-12-13,13:26:47,H,5.80,60.70
2022-12-13,13:26:57,H,5.90,60.50
2022-12-13,13:27:07,H,5.90,60.60
2022-12-13,13:27:17,H,5.90,60.70
2022-12-13,13:27:27,H,5.90,60.60
2022-12-13,13:27:37,H,5.90,60.60
2022-12-13,13:27:47,H,5.90,60.80
2022-12-13,13:27:57,H,5.90,60.90
2022-12-13,13:28:07,H,5.90,60.70
2022-12-13,13:28:17,H,5.90,60.60
2022-12-13,13:28:27,H,5.90,60.50
2022-12-13,13:28:37,H,5.90,60.50
2022-12-13,13:28:47,H,5.90,60.80
2022-12-13,13:28:57,H,5.90,61.00
2022-12-13,13:29:07,H,5.90,61.00
2022-12-13,13:29:17,H,5.90,60.90
2022-12-13,13:29:27,H,6.00,60.90
2022-12-13,13:29:37,H,6.00,60.90
2022-12-13,13:29:47,H,6.00,60.90
2022-12-13,13:29:57,H,6.00,60.90
2022-12-13,13:30:07,H,6.00,61.00
2022-12-13,13:30:17,H,6.00,60.90
2022-12-13,13:30:27,H,6.00,60.90
2022-12-13,13:30:37,H,6.00,60.90
2022-12-13,13:30:47,H,6.00,60.70
2022-12-13,13:30:57,H,6.00,60.80
2022-12-13,13:31:07,H,6.00,60.80
2022-12-13,13:31:17,H,6.00,60.90
2022-12-13,13:31:27,H,6.00,61.00
2022-12-13,13:31:37,H,6.00,61.10
2022-12-13,13:31:47,H,6.10,61.20
2022-12-13,13:31:57,H,6.10,61.20
2022-12-13,13:32:07,H,6.10,61.00
2022-12-13,13:32:17,H,6.10,61.00
2022-12-13,13:32:27,H,6.10,61.10
2022-12-13,13:32:37,H,6.10,60.90
2022-12-13,13:32:47,H,6.10,60.60
2022-12-13,13:32:57,H,6.10,60.60
2022-12-13,13:33:07,H,6.10,60.70
2022-12-13,13:33:17,H,6.10,60.70
2022-12-13,13:33:27,H,6.10,60.70
2022-12-13,13:33:37,H,6.10,60.60
2022-12-13,13:33:47,H,6.10,60.60
2022-12-13,13:33:57,H,6.10,60.50
2022-12-13,13:34:07,H,6.10,60.30
2022-12-13,13:34:17,H,6.10,60.40
2022-12-13,13:34:27,H,6.10,60.40
2022-12-13,13:34:37,H,6.20,60.60
2022-12-13,13:34:47,H,6.10,60.80
2022-12-13,13:34:57,H,6.20,60.90
2022-12-13,13:35:07,H,6.20,61.00
2022-12-13,13:35:17,H,6.20,61.00
2022-12-13,13:35:27,H,6.20,60.90
2022-12-13,13:35:37,H,6.20,60.90
2022-12-13,13:35:47,H,6.20,60.90
2022-12-13,13:35:57,H,6.20,60.90
2022-12-13,13:36:07,H,6.20,60.90
2022-12-13,13:36:17,H,6.20,60.80
2022-12-13,13:36:27,H,6.20,60.80
2022-12-13,13:36:37,H,6.20,60.90
2022-12-13,13:36:47,H,6.20,60.60
2022-12-13,13:36:57,H,6.20,60.50
2022-12-13,13:37:07,H,6.20,60.40
2022-12-13,13:37:17,H,6.20,60.50
2022-12-13,13:37:27,H,6.20,60.20
2022-12-13,13:37:37,H,6.20,60.40
2022-12-13,13:37:47,H,6.20,60.60
2022-12-13,13:37:57,H,6.20,60.80
2022-12-13,13:38:07,H,6.20,61.00
2022-12-13,13:38:17,H,6.20,60.90
2022-12-13,13:38:27,H,6.20,60.70
2022-12-13,13:38:37,H,6.20,60.40
2022-12-13,13:38:47,H,6.20,60.50
2022-12-13,13:38:57,H,6.20,60.50
2022-12-13,13:39:07,H,6.20,60.60
2022-12-13,13:39:17,H,6.20,60.50
2022-12-13,13:39:27,H,6.20,60.40
2022-12-13,13:39:37,H,6.20,60.30
2022-12-13,13:39:47,H,6.20,60.10
2022-12-13,13:39:57,H,6.20,60.40
2022-12-13,13:40:07,H,6.20,60.60
2022-12-13,13:40:17,H,6.20,60.60
2022-12-13,13:40:27,H,6.20,60.40
2022-12-13,13:40:37,H,6.20,60.40
2022-12-13,13:40:47,H,6.20,60.60
2022-12-13,13:40:57,H,6.20,60.60
2022-12-13,13:41:07,H,6.20,60.70
2022-12-13,13:41:17,H,6.20,60.60
2022-12-13,13:41:27,H,6.20,60.50
2022-12-13,13:41:37,H,6.20,60.30
2022-12-13,13:41:47,H,6.20,60.40
2022-12-13,13:41:57,H,6.20,60.70
2022-12-13,13:42:07,H,6.20,60.80
2022-12-13,13:42:17,H,6.20,60.80
2022-12-13,13:42:27,H,6.20,60.90
2022-12-13,13:42:37,H,6.20,60.90
2022-12-13,13:42:47,H,6.20,60.90
2022-12-13,13:42:57,H,6.20,60.60
2022-12-13,13:43:07,H,6.20,60.20
2022-12-13,13:43:17,H,6.20,60.30
2022-12-13,13:43:27,H,6.20,60.40
2022-12-13,13:43:37,H,6.10,60.30
2022-12-13,13:43:47,H,6.10,60.30
2022-12-13,13:43:57,H,6.10,60.50
2022-12-13,13:44:07,H,6.20,60.50
2022-12-13,13:44:17,H,6.10,60.70
2022-12-13,13:44:27,H,6.10,60.80
2022-12-13,13:44:37,H,6.10,60.90
2022-12-13,13:44:47,H,6.10,60.90
2022-12-13,13:44:57,H,6.10,60.90
2022-12-13,13:45:07,H,6.10,60.80
2022-12-13,13:45:17,H,6.10,61.00
2022-12-13,13:45:27,H,6.20,61.20
2022-12-13,13:45:37,H,6.20,61.20
2022-12-13,13:45:47,H,6.10,60.90
2022-12-13,13:45:57,H,6.20,60.70
2022-12-13,13:46:07,H,6.20,60.70
2022-12-13,13:46:17,H,6.20,60.70
2022-12-13,13:46:27,H,6.20,60.60
2022-12-13,13:46:37,H,6.20,60.60
2022-12-13,13:46:47,H,6.20,60.60
2022-12-13,13:46:57,H,6.20,60.40
2022-12-13,13:47:07,H,6.20,60.30
2022-12-13,13:47:17,H,6.10,60.50
2022-12-13,13:47:27,H,6.20,60.60
2022-12-13,13:47:37,H,6.20,60.90
2022-12-13,13:47:47,H,6.20,60.80
2022-12-13,13:47:57,H,6.10,60.80
2022-12-13,13:48:07,H,6.20,60.90
2022-12-13,13:48:17,H,6.20,61.00
2022-12-13,13:48:27,H,6.20,61.10
2022-12-13,13:48:37,H,6.20,61.00
2022-12-13,13:48:47,H,6.20,61.00
2022-12-13,13:48:57,H,6.20,60.90
2022-12-13,13:49:07,H,6.20,61.10
2022-12-13,13:49:17,H,6.20,61.20
2022-12-13,13:49:27,H,6.20,61.30
2022-12-13,13:49:37,H,6.20,61.50
2022-12-13,13:49:47,H,6.20,61.60
2022-12-13,13:49:57,H,6.20,61.60
2022-12-13,13:50:07,H,6.20,61.30
2022-12-13,13:50:17,H,6.20,61.00
2022-12-13,13:50:27,H,6.20,61.00
2022-12-13,13:50:37,H,6.20,60.80
2022-12-13,13:50:47,H,6.20,60.90
2022-12-13,13:50:57,H,6.20,61.00
2022-12-13,13:51:07,H,6.20,61.00
2022-12-13,13:51:17,H,6.20,61.10
2022-12-13,13:51:27,H,6.20,61.00
2022-12-13,13:51:37,H,6.20,60.90
2022-12-13,13:51:47,H,6.20,61.10
2022-12-13,13:51:57,H,6.20,61.30
2022-12-13,13:52:07,H,6.20,61.50
2022-12-13,13:52:17,H,6.20,61.20
2022-12-13,13:52:27,H,6.20,61.20
2022-12-13,13:52:37,H,6.20,61.20
2022-12-13,13:52:47,H,6.20,61.40
2022-12-13,13:52:57,H,6.20,61.60
2022-12-13,13:53:07,H,6.20,61.60
2022-12-13,13:53:17,H,6.20,61.50
2022-12-13,13:53:27,H,6.20,61.30
2022-12-13,13:53:37,H,6.20,61.10
2022-12-13,13:53:47,H,6.20,61.00
2022-12-13,13:53:57,H,6.20,61.10
2022-12-13,13:54:07,H,6.20,61.30
2022-12-13,13:54:17,H,6.20,61.40
2022-12-13,13:54:27,H,6.20,61.00
2022-12-13,13:54:37,H,6.20,60.90
2022-12-13,13:54:47,H,6.20,60.90
2022-12-13,13:54:57,H,6.20,60.90
2022-12-13,13:55:07,H,6.20,61.10
2022-12-13,13:55:17,H,6.20,61.20
2022-12-13,13:55:27,H,6.20,61.30
2022-12-13,13:55:37,H,6.20,61.10
2022-12-13,13:55:47,H,6.20,61.10
2022-12-13,13:55:57,H,6.20,61.10
2022-12-13,13:56:07,H,6.20,61.30
2022-12-13,13:56:17,H,6.20,61.20
2022-12-13,13:56:27,H,6.20,61.30
2022-12-13,13:56:47,H,6.20,61.60
2022-12-13,13:56:57,H,6.20,61.70
2022-12-13,13:57:07,H,6.20,61.60
2022-12-13,13:57:17,H,6.20,61.40
2022-12-13,13:57:27,H,6.20,61.40
2022-12-13,13:57:37,H,6.20,61.10
2022-12-13,13:57:47,H,6.20,61.20
2022-12-13,13:57:57,H,6.20,61.20
2022-12-13,13:58:07,H,6.20,61.40
2022-12-13,13:58:17,H,6.20,61.70
2022-12-13,13:58:27,H,6.20,61.60
2022-12-13,13:58:37,H,6.20,61.30
2022-12-13,13:58:47,H,6.20,61.00
2022-12-13,13:58:57,H,6.20,61.30
2022-12-13,13:59:07,H,6.20,61.60
2022-12-13,13:59:17,H,6.20,61.80
2022-12-13,13:59:27,H,6.20,61.70
2022-12-13,13:59:37,H,6.20,61.60
2022-12-13,13:59:47,H,6.20,61.50
2022-12-13,13:59:57,H,6.20,61.60
2022-12-13,14:00:07,H,6.20,61.70
2022-12-13,14:00:17,H,6.20,61.80
2022-12-13,14:00:27,H,6.20,61.90
2022-12-13,14:00:37,H,6.20,62.00
2022-12-13,14:00:47,H,6.30,61.80
2022-12-13,14:00:57,H,6.30,61.80
2022-12-13,14:01:07,H,6.30,61.80
2022-12-13,14:01:17,H,6.30,61.50
2022-12-13,14:01:27,H,6.30,61.40
2022-12-13,14:01:37,H,6.30,61.60
2022-12-13,14:01:47,H,6.30,61.70
2022-12-13,14:01:57,H,6.30,61.70
2022-12-13,14:02:07,H,6.30,61.60
2022-12-13,14:02:17,H,6.30,61.80
2022-12-13,14:02:27,H,6.30,61.50
2022-12-13,14:02:37,H,6.30,61.30
2022-12-13,14:02:47,H,6.30,61.40
2022-12-13,14:02:57,H,6.30,61.40
2022-12-13,14:03:07,H,6.30,61.50
2022-12-13,14:03:17,H,6.30,61.30
2022-12-13,14:03:27,H,6.30,61.10
2022-12-13,14:03:37,H,6.30,61.20
2022-12-13,14:03:47,H,6.30,61.30
2022-12-13,14:03:57,H,6.20,61.50
2022-12-13,14:04:07,H,6.30,61.80
2022-12-13,14:04:17,H,6.30,61.80
2022-12-13,14:04:27,H,6.30,61.70
2022-12-13,14:04:37,H,6.30,61.80
2022-12-13,14:04:47,H,6.30,61.80
2022-12-13,14:04:57,H,6.30,62.00
2022-12-13,14:05:07,H,6.30,61.80
2022-12-13,14:05:17,H,6.30,61.70
2022-12-13,14:05:27,H,6.30,61.40
2022-12-13,14:05:37,H,6.30,61.40
2022-12-13,14:05:47,H,6.30,61.60
2022-12-13,14:05:57,H,6.30,61.80
2022-12-13,14:06:07,H,6.30,61.90
2022-12-13,14:06:17,H,6.30,62.00
2022-12-13,14:06:27,H,6.30,61.80
2022-12-13,14:06:37,H,6.30,61.70
2022-12-13,14:06:47,H,6.30,61.80
2022-12-13,14:06:57,H,6.30,61.90
2022-12-13,14:07:07,H,6.30,62.10
2022-12-13,14:07:17,H,6.30,62.20
2022-12-13,14:07:27,H,6.30,62.20
2022-12-13,14:07:37,H,6.30,62.20
2022-12-13,14:07:47,H,6.40,62.20
2022-12-13,14:07:57,H,6.40,62.20
2022-12-13,14:08:07,H,6.40,62.30
2022-12-13,14:08:17,H,6.40,62.40
2022-12-13,14:08:27,H,6.40,62.40
2022-12-13,14:08:37,H,6.40,62.40
2022-12-13,14:08:47,H,6.40,62.00
2022-12-13,14:08:57,H,6.40,61.70
2022-12-13,14:09:07,H,6.40,61.50
2022-12-13,14:09:17,H,6.40,61.40
2022-12-13,14:09:27,H,6.40,61.30
2022-12-13,14:09:37,H,6.40,61.40
2022-12-13,14:09:47,H,6.40,61.30
2022-12-13,14:09:57,H,6.40,61.40
2022-12-13,14:10:07,H,6.40,61.50
2022-12-13,14:10:17,H,6.40,61.50
2022-12-13,14:10:27,H,6.40,61.40
2022-12-13,14:10:37,H,6.40,61.60
2022-12-13,14:10:47,H,6.40,62.00
2022-12-13,14:10:57,H,6.40,61.90
2022-12-13,14:11:07,H,6.40,61.70
2022-12-13,14:11:17,H,6.50,61.70
2022-12-13,14:11:27,H,6.50,61.70
2022-12-13,14:11:37,H,6.50,61.90
2022-12-13,14:11:47,H,6.40,61.90
2022-12-13,14:11:57,H,6.40,61.90
2022-12-13,14:12:07,H,6.50,61.90
2022-12-13,14:12:17,H,6.50,61.90
2022-12-13,14:12:27,H,6.50,62.00
2022-12-13,14:12:37,H,6.50,61.90
2022-12-13,14:12:47,H,6.50,61.90
2022-12-13,14:12:57,H,6.50,61.90
2022-12-13,14:13:07,H,6.50,62.00
2022-12-13,14:13:17,H,6.50,61.90
2022-12-13,14:13:27,H,6.50,61.60
2022-12-13,14:13:37,H,6.50,61.70
2022-12-13,14:13:47,H,6.50,61.50
2022-12-13,14:13:57,H,6.50,61.50
2022-12-13,14:14:07,H,6.50,61.70
2022-12-13,14:14:17,H,6.50,61.80
2022-12-13,14:14:27,H,6.50,61.80
2022-12-13,14:14:37,H,6.50,61.50
2022-12-13,14:14:47,H,6.50,61.50
2022-12-13,14:14:57,H,6.50,61.70
2022-12-13,14:15:07,H,6.50,61.90
2022-12-13,14:15:17,H,6.50,61.90
2022-12-13,14:15:27,H,6.50,62.10
2022-12-13,14:15:37,H,6.50,62.30
2022-12-13,14:15:47,H,6.50,62.10
2022-12-13,14:15:57,H,6.50,61.90
2022-12-13,14:16:07,H,6.50,61.80
2022-12-13,14:16:17,H,6.50,61.70
2022-12-13,14:16:27,H,6.50,61.70
2022-12-13,14:16:37,H,6.50,62.00
2022-12-13,14:16:47,H,6.50,62.10
2022-12-13,14:16:57,H,6.50,61.90
2022-12-13,14:17:07,H,6.50,61.90
2022-12-13,14:17:17,H,6.50,61.80
2022-12-13,14:17:27,H,6.50,61.90
2022-12-13,14:17:37,H,6.50,62.10
2022-12-13,14:17:47,H,6.50,62.20
2022-12-13,14:17:57,H,6.50,62.30
2022-12-13,14:18:07,H,6.50,62.40
2022-12-13,14:18:17,H,6.50,62.30
2022-12-13,14:18:27,H,6.50,62.30
2022-12-13,14:18:37,H,6.50,62.40
2022-12-13,14:18:47,H,6.50,62.50
2022-12-13,14:18:57,H,6.50,62.40
2022-12-13,14:19:07,H,6.50,62.30
2022-12-13,14:19:17,H,6.50,62.20
2022-12-13,14:19:27,H,6.50,62.20
2022-12-13,14:19:37,H,6.50,62.20
2022-12-13,14:19:47,H,6.50,62.10
2022-12-13,14:19:57,H,6.50,61.80
2022-12-13,14:20:07,H,6.50,61.60
2022-12-13,14:20:17,H,6.40,61.30
2022-12-13,14:20:27,H,6.40,61.40
2022-12-13,14:20:37,H,6.40,61.40
2022-12-13,14:20:47,H,6.40,61.60
2022-12-13,14:20:57,H,6.40,61.70
2022-12-13,14:21:07,H,6.40,61.90
2022-12-13,14:21:17,H,6.40,62.10
2022-12-13,14:21:27,H,6.30,62.00
2022-12-13,14:21:37,H,6.30,61.90
2022-12-13,14:21:47,H,6.30,62.10
2022-12-13,14:21:57,H,6.30,62.40
2022-12-13,14:22:07,H,6.30,62.40
2022-12-13,14:22:17,H,6.30,62.40
2022-12-13,14:22:27,H,6.30,62.30
2022-12-13,14:22:37,H,6.30,62.20
2022-12-13,14:22:47,H,6.30,62.10
2022-12-13,14:22:57,H,6.30,62.20
2022-12-13,14:23:07,H,6.30,62.30
2022-12-13,14:23:17,H,6.30,62.30
2022-12-13,14:23:27,H,6.30,62.20
2022-12-13,14:23:37,H,6.20,62.40
2022-12-13,14:23:47,H,6.20,62.50
2022-12-13,14:23:57,H,6.20,62.60
2022-12-13,14:24:07,H,6.20,62.70
2022-12-13,14:24:17,H,6.20,62.90
2022-12-13,14:24:27,H,6.20,63.00
2022-12-13,14:24:37,H,6.20,63.00
2022-12-13,14:24:47,H,6.20,63.00
2022-12-13,14:24:57,H,6.20,62.90
2022-12-13,14:25:07,H,6.20,63.00
2022-12-13,14:25:17,H,6.20,63.20
2022-12-13,14:25:27,H,6.20,63.40
2022-12-13,14:25:37,H,6.20,63.50
2022-12-13,14:25:47,H,6.20,63.50
2022-12-13,14:26:07,H,6.20,63.60
2022-12-13,14:26:17,H,6.20,63.50
2022-12-13,14:26:27,H,6.20,63.20
2022-12-13,14:26:37,H,6.20,63.20
2022-12-13,14:26:47,H,6.20,63.30
2022-12-13,14:26:57,H,6.20,63.20
2022-12-13,14:27:07,H,6.20,63.30
2022-12-13,14:27:17,H,6.20,63.30
2022-12-13,14:27:27,H,6.20,63.20
2022-12-13,14:27:37,H,6.20,63.00
2022-12-13,14:27:47,H,6.30,63.00
2022-12-13,14:27:57,H,6.20,63.20
2022-12-13,14:28:07,H,6.20,63.00
2022-12-13,14:28:17,H,6.20,63.00
2022-12-13,14:28:27,H,6.20,63.10
2022-12-13,14:28:37,H,6.20,63.30
2022-12-13,14:28:47,H,6.30,63.40
2022-12-13,14:28:57,H,6.30,63.50
2022-12-13,14:29:07,H,6.20,63.60
2022-12-13,14:29:17,H,6.30,63.60
2022-12-13,14:29:27,H,6.30,63.50
2022-12-13,14:29:37,H,6.30,63.50
2022-12-13,14:29:47,H,6.30,63.60
2022-12-13,14:29:57,H,6.20,63.60
2022-12-13,14:30:07,H,6.20,63.50
2022-12-13,14:30:17,H,6.30,63.50
2022-12-13,14:30:27,H,6.30,63.30
2022-12-13,14:30:37,H,6.30,63.20
2022-12-13,14:30:47,H,6.30,63.00
2022-12-13,14:30:57,H,6.20,62.70
2022-12-13,14:31:07,H,6.20,63.00
2022-12-13,14:31:17,H,6.20,63.10
2022-12-13,14:31:27,H,6.20,63.20
2022-12-13,14:31:37,H,6.20,63.30
2022-12-13,14:31:47,H,6.20,63.40
2022-12-13,14:31:57,H,6.20,63.20
2022-12-13,14:32:07,H,6.20,63.30
2022-12-13,14:32:17,H,6.20,63.40
2022-12-13,14:32:27,H,6.20,63.50
2022-12-13,14:32:37,H,6.20,63.60
2022-12-13,14:32:47,H,6.20,63.60
2022-12-13,14:32:57,H,6.20,63.40
2022-12-13,14:33:07,H,6.20,63.30
2022-12-13,14:33:17,H,6.20,63.50
2022-12-13,14:33:27,H,6.20,63.70
2022-12-13,14:33:37,H,6.20,63.70
2022-12-13,14:33:47,H,6.20,63.70
2022-12-13,14:33:57,H,6.20,63.40
2022-12-13,14:34:07,H,6.20,63.30
2022-12-13,14:34:17,H,6.20,63.40
2022-12-13,14:34:27,H,6.20,63.60
2022-12-13,14:34:37,H,6.20,63.80
2022-12-13,14:34:47,H,6.20,63.90
2022-12-13,14:34:57,H,6.20,64.10
2022-12-13,14:35:07,H,6.20,64.10
2022-12-13,14:35:17,H,6.20,64.00
2022-12-13,14:35:27,H,6.20,64.10
2022-12-13,14:35:37,H,6.20,64.00
2022-12-13,14:35:47,H,6.20,63.90
2022-12-13,14:35:57,H,6.20,63.80
2022-12-13,14:36:07,H,6.20,63.80
2022-12-13,14:36:17,H,6.20,63.90
2022-12-13,14:36:27,H,6.20,63.80
2022-12-13,14:36:37,H,6.20,63.70
2022-12-13,14:36:47,H,6.20,63.60
2022-12-13,14:36:57,H,6.20,63.60
2022-12-13,14:37:07,H,6.20,63.70
2022-12-13,14:37:17,H,6.20,63.50
2022-12-13,14:37:27,H,6.20,63.60
2022-12-13,14:37:37,H,6.20,63.80
2022-12-13,14:37:47,H,6.20,63.80
2022-12-13,14:37:57,H,6.10,63.50
2022-12-13,14:38:07,H,6.10,63.60
2022-12-13,14:38:17,H,6.10,63.90
2022-12-13,14:38:27,H,6.10,63.80
2022-12-13,14:38:37,H,6.10,63.80
2022-12-13,14:38:47,H,6.10,63.60
2022-12-13,14:38:57,H,6.10,63.40
2022-12-13,14:39:07,H,6.10,63.30
2022-12-13,14:39:17,H,6.10,63.70
2022-12-13,14:39:27,H,6.10,63.90
2022-12-13,14:39:37,H,6.10,64.00
2022-12-13,14:39:47,H,6.10,64.10
2022-12-13,14:39:57,H,6.10,63.90
2022-12-13,14:40:07,H,6.00,63.90
2022-12-13,14:40:17,H,6.00,64.10
2022-12-13,14:40:27,H,6.00,64.10
2022-12-13,14:40:37,H,6.00,64.10
2022-12-13,14:40:47,H,6.00,64.20
2022-12-13,14:40:57,H,6.00,64.00
2022-12-13,14:41:07,H,6.00,63.80
2022-12-13,14:41:17,H,6.00,63.60
2022-12-13,14:41:27,H,6.00,63.60
2022-12-13,14:41:37,H,6.00,63.70
2022-12-13,14:41:47,H,6.00,63.90
2022-12-13,14:41:57,H,6.00,64.10
2022-12-13,14:42:07,H,6.00,64.10
2022-12-13,14:42:17,H,6.00,64.10
2022-12-13,14:42:27,H,6.00,64.00
2022-12-13,14:42:37,H,6.00,64.30
2022-12-13,14:42:47,H,5.90,64.40
2022-12-13,14:42:57,H,6.00,64.30
2022-12-13,14:43:07,H,5.90,64.10
2022-12-13,14:43:17,H,5.90,64.20
2022-12-13,14:43:27,H,5.90,64.40
2022-12-13,14:43:37,H,5.90,64.50
2022-12-13,14:43:47,H,5.90,64.60
2022-12-13,14:43:57,H,5.90,64.60
2022-12-13,14:44:07,H,5.90,64.60
2022-12-13,14:44:17,H,5.90,64.60
2022-12-13,14:44:27,H,5.90,64.60
2022-12-13,14:44:37,H,5.90,64.70
2022-12-13,14:44:47,H,5.90,64.70
2022-12-13,14:44:57,H,5.90,64.70
2022-12-13,14:45:07,H,5.90,64.70
2022-12-13,14:45:17,H,5.90,64.80
2022-12-13,14:45:27,H,5.90,64.60
2022-12-13,14:45:37,H,5.90,64.60
2022-12-13,14:45:47,H,5.90,64.70
2022-12-13,14:45:57,H,5.90,64.70
2022-12-13,14:46:07,H,5.90,64.60
2022-12-13,14:46:17,H,5.90,64.60
2022-12-13,14:46:27,H,5.90,64.50
2022-12-13,14:46:37,H,5.90,64.20
2022-12-13,14:46:47,H,5.90,64.10
2022-12-13,14:46:57,H,5.90,64.00
2022-12-13,14:47:07,H,5.80,64.00
2022-12-13,14:47:17,H,5.80,64.30
2022-12-13,14:47:27,H,5.80,64.40
2022-12-13,14:47:37,H,5.80,64.30
2022-12-13,14:47:47,H,5.80,64.40
2022-12-13,14:47:57,H,5.80,64.60
2022-12-13,14:48:07,H,5.80,64.80
2022-12-13,14:48:17,H,5.80,64.90
2022-12-13,14:48:27,H,5.80,64.90
2022-12-13,14:48:37,H,5.80,64.90
2022-12-13,14:48:47,H,5.80,64.90
2022-12-13,14:48:57,H,5.80,64.80
2022-12-13,14:49:07,H,5.80,64.80
2022-12-13,14:49:17,H,5.70,64.90
2022-12-13,14:49:27,H,5.80,64.80
2022-12-13,14:49:37,H,5.70,65.00
2022-12-13,14:49:47,H,5.70,64.90
2022-12-13,14:49:57,H,5.70,65.00
2022-12-13,14:50:07,H,5.70,64.90
2022-12-13,14:50:17,H,5.70,65.00
2022-12-13,14:50:27,H,5.70,65.00
2022-12-13,14:50:37,H,5.70,65.20
2022-12-13,14:50:47,H,5.70,65.40
2022-12-13,14:50:57,H,5.70,65.40
2022-12-13,14:51:07,H,5.70,65.50
2022-12-13,14:51:17,H,5.70,65.50
2022-12-13,14:51:27,H,5.70,65.50
2022-12-13,14:51:37,H,5.70,65.60
2022-12-13,14:51:47,H,5.70,65.70
2022-12-13,14:51:57,H,5.70,65.60
2022-12-13,14:52:07,H,5.70,65.50
2022-12-13,14:52:17,H,5.70,65.40
2022-12-13,14:52:27,H,5.70,65.30
2022-12-13,14:52:37,H,5.70,65.30
2022-12-13,14:52:47,H,5.70,65.40
2022-12-13,14:52:57,H,5.70,65.40
2022-12-13,14:53:07,H,5.70,65.50
2022-12-13,14:53:17,H,5.70,65.50
2022-12-13,14:53:27,H,5.70,65.70
2022-12-13,14:53:37,H,5.70,65.50
2022-12-13,14:53:47,H,5.70,65.30
2022-12-13,14:53:57,H,5.70,65.20
2022-12-13,14:54:07,H,5.70,65.40
2022-12-13,14:54:17,H,5.70,65.40
2022-12-13,14:54:27,H,5.70,65.30
2022-12-13,14:54:37,H,5.70,65.30
2022-12-13,14:54:47,H,5.70,65.40
2022-12-13,14:54:57,H,5.70,65.50
2022-12-13,14:55:07,H,5.70,65.40
2022-12-13,14:55:17,H,5.70,65.50
2022-12-13,14:55:27,H,5.70,65.60
2022-12-13,14:55:37,H,5.70,65.70
2022-12-13,14:55:47,H,5.70,65.80
2022-12-13,14:55:57,H,5.70,65.80
2022-12-13,14:56:07,H,5.70,65.80
2022-12-13,14:56:17,H,5.70,65.80
2022-12-13,14:56:27,H,5.60,65.80
2022-12-13,14:56:37,H,5.70,65.80
2022-12-13,14:56:47,H,5.70,65.80
2022-12-13,14:56:57,H,5.70,65.80
2022-12-13,14:57:07,H,5.60,65.90
2022-12-13,14:57:17,H,5.70,66.00
2022-12-13,14:57:27,H,5.70,66.00
2022-12-13,14:57:37,H,5.70,66.00
2022-12-13,14:57:47,H,5.70,65.90
2022-12-13,14:57:57,H,5.70,65.90
2022-12-13,14:58:07,H,5.70,66.00
2022-12-13,14:58:17,H,5.70,66.00
2022-12-13,14:58:27,H,5.70,66.00
2022-12-13,14:58:37,H,5.70,66.10
2022-12-13,14:58:47,H,5.70,66.00
2022-12-13,14:58:57,H,5.70,65.90
2022-12-13,14:59:07,H,5.70,65.90
2022-12-13,14:59:17,H,5.70,66.00
2022-12-13,14:59:27,H,5.70,66.00
2022-12-13,14:59:37,H,5.70,66.00
2022-12-13,14:59:47,H,5.70,65.70
2022-12-13,14:59:57,H,5.70,65.70
2022-12-13,15:00:07,H,5.70,65.70
2022-12-13,15:00:17,H,5.70,65.90
2022-12-13,15:00:27,H,5.70,65.90
2022-12-13,15:00:37,H,5.70,65.90
2022-12-13,15:00:47,H,5.70,65.90
2022-12-13,15:00:57,H,5.70,65.90
2022-12-13,15:01:07,H,5.70,65.80
2022-12-13,15:01:17,H,5.70,65.90
2022-12-13,15:01:27,H,5.70,66.00
2022-12-13,15:01:47,H,5.70,66.20
2022-12-13,15:01:57,H,5.70,66.10
2022-12-13,15:02:07,H,5.70,66.10
2022-12-13,15:02:17,H,5.70,66.10
2022-12-13,15:02:27,H,5.70,66.00
2022-12-13,15:02:37,H,5.70,65.90
2022-12-13,15:02:47,H,5.70,65.90
2022-12-13,15:02:57,H,5.70,66.00
2022-12-13,15:03:07,H,5.70,66.10
2022-12-13,15:03:17,H,5.70,66.20
2022-12-13,15:03:27,H,5.70,66.10
2022-12-13,15:03:37,H,5.70,66.10
2022-12-13,15:03:47,H,5.70,66.10
2022-12-13,15:03:57,H,5.70,66.00
2022-12-13,15:04:07,H,5.70,66.00
2022-12-13,15:04:17,H,5.70,66.10
2022-12-13,15:04:27,H,5.70,66.00
2022-12-13,15:04:37,H,5.70,66.10
2022-12-13,15:04:47,H,5.70,66.20
2022-12-13,15:04:57,H,5.70,66.30
2022-12-13,15:05:07,H,5.70,66.30
2022-12-13,15:05:17,H,5.70,66.20
2022-12-13,15:05:27,H,5.80,66.10
2022-12-13,15:05:37,H,5.70,66.10
2022-12-13,15:05:47,H,5.80,66.10
2022-12-13,15:05:57,H,5.80,66.20
2022-12-13,15:06:07,H,5.70,66.10
2022-12-13,15:06:17,H,5.80,66.10
2022-12-13,15:06:27,H,5.70,66.20
2022-12-13,15:06:37,H,5.80,66.30
2022-12-13,15:06:47,H,5.80,66.20
2022-12-13,15:06:57,H,5.80,66.10
2022-12-13,15:07:07,H,5.80,66.10
2022-12-13,15:07:17,H,5.80,66.20
2022-12-13,15:07:27,H,5.80,66.30
2022-12-13,15:07:37,H,5.80,66.40
2022-12-13,15:07:47,H,5.80,66.50
2022-12-13,15:07:57,H,5.80,66.60
2022-12-13,15:08:07,H,5.80,66.60
2022-12-13,15:08:17,H,5.80,66.60
2022-12-13,15:08:27,H,5.80,66.50
2022-12-13,15:08:37,H,5.80,66.50
2022-12-13,15:08:47,H,5.80,66.50
2022-12-13,15:08:57,H,5.80,66.40
2022-12-13,15:09:07,H,5.80,66.30
2022-12-13,15:09:17,H,5.80,66.20
2022-12-13,15:09:27,H,5.80,66.20
2022-12-13,15:09:37,H,5.80,66.30
2022-12-13,15:09:47,H,5.80,66.30
2022-12-13,15:09:57,H,5.80,66.20
2022-12-13,15:10:07,H,5.80,66.20
2022-12-13,15:10:17,H,5.80,66.10
2022-12-13,15:10:27,H,5.80,66.10
2022-12-13,15:10:37,H,5.80,66.20
2022-12-13,15:10:47,H,5.80,66.20
2022-12-13,15:10:57,H,5.80,66.20
2022-12-13,15:11:07,H,5.80,66.10
2022-12-13,15:11:17,H,5.80,66.10
2022-12-13,15:11:27,H,5.80,66.30
2022-12-13,15:11:37,H,5.80,66.30
2022-12-13,15:11:47,H,5.80,66.30
2022-12-13,15:11:57,H,5.80,66.40
2022-12-13,15:12:07,H,5.80,66.50
2022-12-13,15:12:17,H,5.80,66.30
2022-12-13,15:12:27,H,5.80,66.20
2022-12-13,15:12:37,H,5.80,66.20
2022-12-13,15:12:47,H,5.80,66.10
2022-12-13,15:12:57,H,5.80,66.00
2022-12-13,15:13:07,H,5.80,65.90
2022-12-13,15:13:17,H,5.80,66.10
2022-12-13,15:13:27,H,5.80,66.40
2022-12-13,15:13:37,H,5.80,66.60
2022-12-13,15:13:47,H,5.80,66.70
2022-12-13,15:13:57,H,5.80,66.70
2022-12-13,15:14:07,H,5.80,66.70
2022-12-13,15:14:17,H,5.80,66.70
2022-12-13,15:14:27,H,5.80,66.80
2022-12-13,15:14:37,H,5.80,66.80
2022-12-13,15:14:47,H,5.80,66.60
2022-12-13,15:14:57,H,5.80,66.50
2022-12-13,15:15:07,H,5.80,66.50
2022-12-13,15:15:17,H,5.80,66.60
2022-12-13,15:15:27,H,5.80,66.70
2022-12-13,15:15:37,H,5.80,66.70
2022-12-13,15:15:47,H,5.80,66.70
2022-12-13,15:15:57,H,5.80,66.60
2022-12-13,15:16:07,H,5.80,66.50
2022-12-13,15:16:17,H,5.80,66.60
2022-12-13,15:16:27,H,5.80,66.50
2022-12-13,15:16:37,H,5.80,66.50
2022-12-13,15:16:47,H,5.80,66.60
2022-12-13,15:16:57,H,5.80,66.60
2022-12-13,15:17:07,H,5.80,66.60
2022-12-13,15:17:17,H,5.80,66.60
2022-12-13,15:17:27,H,5.80,66.50
2022-12-13,15:17:37,H,5.90,66.60
2022-12-13,15:17:47,H,5.80,66.70
2022-12-13,15:17:57,H,5.80,66.80
2022-12-13,15:18:07,H,5.80,66.90
2022-12-13,15:18:17,H,5.80,66.90
2022-12-13,15:18:27,H,5.90,67.00
2022-12-13,15:18:37,H,5.90,67.10
2022-12-13,15:18:47,H,5.90,67.10
2022-12-13,15:18:57,H,5.90,67.00
2022-12-13,15:19:07,H,5.90,67.00
2022-12-13,15:19:17,H,5.90,67.00
2022-12-13,15:19:27,H,5.90,66.80
2022-12-13,15:19:37,H,5.90,66.70
2022-12-13,15:19:47,H,5.90,66.70
2022-12-13,15:19:57,H,5.90,66.80
2022-12-13,15:20:07,H,5.90,66.80
2022-12-13,15:20:17,H,5.90,66.70
2022-12-13,15:20:27,H,5.90,66.70
2022-12-13,15:20:37,H,5.90,66.80
2022-12-13,15:20:47,H,5.90,66.90
2022-12-13,15:20:57,H,5.90,66.90
2022-12-13,15:21:07,H,5.90,66.90
2022-12-13,15:21:17,H,5.90,66.90
2022-12-13,15:21:27,H,5.90,66.90
2022-12-13,15:21:37,H,5.90,67.00
2022-12-13,15:21:47,H,5.90,66.90
2022-12-13,15:21:57,H,5.90,66.80
2022-12-13,15:22:07,H,5.90,66.80
2022-12-13,15:22:17,H,5.90,66.80
2022-12-13,15:22:27,H,5.90,66.80
2022-12-13,15:22:37,H,5.90,66.80
2022-12-13,15:22:47,H,5.90,66.90
2022-12-13,15:22:57,H,5.90,66.90
2022-12-13,15:23:07,H,5.90,67.00
2022-12-13,15:23:17,H,5.90,67.00
2022-12-13,15:23:27,H,5.90,66.90
2022-12-13,15:23:37,H,5.90,67.00
2022-12-13,15:23:47,H,5.90,66.90
2022-12-13,15:23:57,H,5.90,66.80
2022-12-13,15:24:07,H,5.90,66.80
2022-12-13,15:24:17,H,5.90,66.90
2022-12-13,15:24:27,H,5.90,67.00
2022-12-13,15:24:37,H,5.90,66.90
2022-12-13,15:24:47,H,5.90,66.80
2022-12-13,15:24:57,H,5.90,66.70
2022-12-13,15:25:07,H,5.90,66.50
2022-12-13,15:25:17,H,5.80,66.40
2022-12-13,15:25:27,H,5.80,66.60
2022-12-13,15:25:37,H,5.80,66.70
2022-12-13,15:25:47,H,5.80,66.80
2022-12-13,15:25:57,H,5.80,66.90
2022-12-13,15:26:07,H,5.80,67.10
2022-12-13,15:26:17,H,5.80,67.00
2022-12-13,15:26:27,H,5.80,67.00
2022-12-13,15:26:37,H,5.80,67.10
2022-12-13,15:26:47,H,5.80,67.10
2022-12-13,15:26:57,H,5.70,67.20
2022-12-13,15:27:07,H,5.70,67.20
2022-12-13,15:27:17,H,5.70,67.20
2022-12-13,15:27:27,H,5.70,67.20
2022-12-13,15:27:37,H,5.70,67.20
2022-12-13,15:27:47,H,5.70,67.30
2022-12-13,15:27:57,H,5.70,67.40
2022-12-13,15:28:07,H,5.70,67.40
2022-12-13,15:28:17,H,5.70,67.40
2022-12-13,15:28:27,H,5.70,67.40
2022-12-13,15:28:37,H,5.70,67.40
2022-12-13,15:28:47,H,5.70,67.50
2022-12-13,15:28:57,H,5.70,67.60
2022-12-13,15:29:07,H,5.70,67.70
2022-12-13,15:29:17,H,5.70,67.70
2022-12-13,15:29:27,H,5.70,67.80
2022-12-13,15:29:37,H,5.70,67.70
2022-12-13,15:29:47,H,5.70,67.60
2022-12-13,15:29:57,H,5.70,67.70
2022-12-13,15:30:07,H,5.70,67.60
2022-12-13,15:30:17,H,5.70,67.70
2022-12-13,15:30:27,H,5.70,67.70
2022-12-13,15:30:37,H,5.70,67.70
2022-12-13,15:30:47,H,5.70,67.60
2022-12-13,15:30:57,H,5.70,67.60
2022-12-13,15:31:07,H,5.70,67.60
2022-12-13,15:31:17,H,5.70,67.60
2022-12-13,15:31:27,H,5.70,67.60
2022-12-13,15:31:37,H,5.70,67.70
2022-12-13,15:31:47,H,5.70,67.60
2022-12-13,15:31:57,H,5.70,67.60
2022-12-13,15:32:07,H,5.70,67.60
2022-12-13,15:32:17,H,5.70,67.60
2022-12-13,15:32:27,H,5.70,67.70
2022-12-13,15:32:37,H,5.70,67.80
2022-12-13,15:32:47,H,5.70,67.60
2022-12-13,15:32:57,H,5.70,67.60
2022-12-13,15:33:07,H,5.70,67.70
2022-12-13,15:33:17,H,5.70,67.70
2022-12-13,15:33:27,H,5.70,67.70
2022-12-13,15:33:37,H,5.70,67.70
2022-12-13,15:33:47,H,5.70,67.70
2022-12-13,15:33:57,H,5.70,67.70
2022-12-13,15:34:07,H,5.70,67.80
2022-12-13,15:34:17,H,5.70,67.80
2022-12-13,15:34:27,H,5.70,67.70
2022-12-13,15:34:37,H,5.70,67.70
2022-12-13,15:34:47,H,5.70,67.90
2022-12-13,15:34:57,H,5.70,67.90
2022-12-13,15:35:07,H,5.70,68.00
2022-12-13,15:35:17,H,5.70,68.00
2022-12-13,15:35:27,H,5.70,68.00
2022-12-13,15:35:37,H,5.70,67.80
2022-12-13,15:35:47,H,5.70,67.70
2022-12-13,15:35:57,H,5.70,67.70
2022-12-13,15:36:07,H,5.70,67.70
2022-12-13,15:36:17,H,5.70,67.80
2022-12-13,15:36:27,H,5.70,67.80
2022-12-13,15:36:37,H,5.70,67.80
2022-12-13,15:36:47,H,5.70,67.80
2022-12-13,15:36:57,H,5.70,67.80
2022-12-13,15:37:07,H,5.70,67.80
2022-12-13,15:37:17,H,5.70,68.00
2022-12-13,15:37:27,H,5.70,68.00
2022-12-13,15:37:37,H,5.70,68.00
2022-12-13,15:37:47,H,5.70,68.00
2022-12-13,15:37:57,H,5.70,68.00
2022-12-13,15:38:07,H,5.70,67.90
2022-12-13,15:38:17,H,5.70,67.90
2022-12-13,15:38:27,H,5.80,68.00
2022-12-13,15:38:37,H,5.80,68.10
2022-12-13,15:38:47,H,5.80,68.10
2022-12-13,15:38:57,H,5.80,68.10
2022-12-13,15:39:07,H,5.80,68.00
2022-12-13,15:39:17,H,5.80,68.00
2022-12-13,15:39:27,H,5.80,67.90
2022-12-13,15:39:37,H,5.80,67.90
2022-12-13,15:39:47,H,5.80,67.80
2022-12-13,15:39:57,H,5.80,67.80
2022-12-13,15:40:07,H,5.80,67.80
2022-12-13,15:40:17,H,5.80,67.80
2022-12-13,15:40:27,H,5.80,67.70
2022-12-13,15:40:37,H,5.80,67.80
2022-12-13,15:40:57,H,5.80,67.90
2022-12-13,15:41:07,H,5.80,67.90
2022-12-13,15:41:17,H,5.80,68.00
2022-12-13,15:41:27,H,5.80,68.00
2022-12-13,15:41:37,H,5.80,68.10
2022-12-13,15:41:47,H,5.80,68.00
2022-12-13,15:41:57,H,5.80,67.90
2022-12-13,15:42:07,H,5.80,68.00
2022-12-13,15:42:17,H,5.80,68.00
2022-12-13,15:42:27,H,5.80,68.00
2022-12-13,15:42:37,H,5.80,68.10
2022-12-13,15:42:47,H,5.80,68.10
2022-12-13,15:42:57,H,5.80,68.00
2022-12-13,15:43:07,H,5.80,68.00
2022-12-13,15:43:17,H,5.80,67.90
2022-12-13,15:43:27,H,5.80,67.90
2022-12-13,15:43:37,H,5.80,68.00
2022-12-13,15:43:47,H,5.80,68.10
2022-12-13,15:43:57,H,5.80,68.00
2022-12-13,15:44:07,H,5.80,67.90
2022-12-13,15:44:17,H,5.80,67.90
2022-12-13,15:44:27,H,5.80,67.90
2022-12-13,15:44:37,H,5.80,68.00
2022-12-13,15:44:47,H,5.80,68.00
2022-12-13,15:44:57,H,5.80,68.00
2022-12-13,15:45:07,H,5.80,68.00
2022-12-13,15:45:17,H,5.80,68.10
2022-12-13,15:45:27,H,5.80,68.20
2022-12-13,15:45:37,H,5.80,68.20
2022-12-13,15:45:47,H,5.80,68.20
2022-12-13,15:45:57,H,5.80,68.20
2022-12-13,15:46:07,H,5.80,68.20
2022-12-13,15:46:17,H,5.80,68.20
2022-12-13,15:46:27,H,5.80,68.20
2022-12-13,15:46:37,H,5.80,68.20
2022-12-13,15:46:47,H,5.80,68.20
2022-12-13,15:46:57,H,5.90,68.30
2022-12-13,15:47:07,H,5.80,68.30
2022-12-13,15:47:17,H,5.80,68.30
2022-12-13,15:47:27,H,5.90,68.30
2022-12-13,15:47:37,H,5.90,68.30
2022-12-13,15:47:47,H,5.90,68.30
2022-12-13,15:47:57,H,5.90,68.20
2022-12-13,15:48:07,H,5.90,68.20
2022-12-13,15:48:17,H,5.90,68.20
2022-12-13,15:48:27,H,5.90,68.10
2022-12-13,15:48:37,H,5.90,68.00
2022-12-13,15:48:47,H,5.90,68.00
2022-12-13,15:48:57,H,5.90,67.90
2022-12-13,15:49:07,H,5.90,67.90
2022-12-13,15:49:17,H,5.90,67.90
2022-12-13,15:49:27,H,5.90,67.80
2022-12-13,15:49:37,H,5.90,67.90
2022-12-13,15:49:47,H,5.90,67.90
2022-12-13,15:49:57,H,5.90,67.90
2022-12-13,15:50:07,H,5.90,67.90
2022-12-13,15:50:17,H,5.90,68.10
2022-12-13,15:50:27,H,5.90,68.20
2022-12-13,15:50:37,H,5.90,68.20
2022-12-13,15:50:47,H,5.90,68.20
2022-12-13,15:50:57,H,5.90,68.10
2022-12-13,15:51:07,H,5.90,68.20
2022-12-13,15:51:17,H,5.90,68.30
2022-12-13,15:51:27,H,5.90,68.30
2022-12-13,15:51:37,H,5.90,68.10
2022-12-13,15:51:47,H,5.90,68.10
2022-12-13,15:51:57,H,5.90,68.10
2022-12-13,15:52:07,H,5.90,68.10
2022-12-13,15:52:17,H,5.90,67.90
2022-12-13,15:52:27,H,5.90,68.00
2022-12-13,15:52:37,H,5.90,68.10
2022-12-13,15:52:47,H,5.90,68.10
2022-12-13,15:52:57,H,5.90,68.10
2022-12-13,15:53:07,H,5.90,68.10
2022-12-13,15:53:17,H,5.90,68.10
2022-12-13,15:53:27,H,5.90,68.10
2022-12-13,15:53:37,H,5.90,68.00
2022-12-13,15:53:47,H,5.90,68.10
2022-12-13,15:53:57,H,5.90,68.10
2022-12-13,15:54:07,H,5.90,68.20
2022-12-13,15:54:17,H,5.90,68.20
2022-12-13,15:54:27,H,5.90,68.10
2022-12-13,15:54:37,H,5.90,68.10
2022-12-13,15:54:47,H,5.90,68.20
2022-12-13,15:54:57,H,5.90,68.20
2022-12-13,15:55:07,H,5.90,68.20
2022-12-13,15:55:17,H,5.90,68.30
2022-12-13,15:55:27,H,5.90,68.30
2022-12-13,15:55:37,H,5.90,68.40
2022-12-13,15:55:47,H,5.90,68.40
2022-12-13,15:55:57,H,5.90,68.30
2022-12-13,15:56:07,H,5.90,68.30
2022-12-13,15:56:17,H,5.90,68.30
2022-12-13,15:56:27,H,5.90,68.30
2022-12-13,15:56:37,H,5.90,68.30
2022-12-13,15:56:47,H,5.90,68.40
2022-12-13,15:56:57,H,5.90,68.40
2022-12-13,15:57:07,H,5.90,68.30
2022-12-13,15:57:17,H,5.90,68.30
2022-12-13,15:57:27,H,5.90,68.30
2022-12-13,15:57:37,H,5.90,68.30
2022-12-13,15:57:47,H,5.90,68.30
2022-12-13,15:57:57,H,5.90,68.30
2022-12-13,15:58:07,H,5.90,68.20
2022-12-13,15:58:17,H,5.90,68.30
2022-12-13,15:58:27,H,5.90,68.40
2022-12-13,15:58:37,H,5.90,68.40
2022-12-13,15:58:47,H,5.90,68.30
2022-12-13,15:58:57,H,5.90,68.40
2022-12-13,15:59:17,H,5.90,68.50
2022-12-13,15:59:27,H,5.90,68.50
2022-12-13,15:59:37,H,5.90,68.50
2022-12-13,15:59:47,H,6.00,68.50
2022-12-13,15:59:57,H,6.00,68.50
2022-12-13,16:00:07,H,6.00,68.50
2022-12-13,16:00:17,H,6.00,68.50
2022-12-13,16:00:27,H,6.00,68.50
2022-12-13,16:00:37,H,6.00,68.40
2022-12-13,16:00:47,H,6.00,68.40
2022-12-13,16:00:57,H,6.00,68.30
2022-12-13,16:01:07,H,6.00,68.20
2022-12-13,16:01:17,H,6.00,68.20
2022-12-13,16:01:27,H,6.00,68.30
2022-12-13,16:01:37,H,6.00,68.30
2022-12-13,16:01:47,H,6.00,68.40
2022-12-13,16:01:57,H,6.00,68.40
2022-12-13,16:02:07,H,6.00,68.30
2022-12-13,16:02:17,H,6.00,68.40
2022-12-13,16:02:27,H,6.00,68.40
2022-12-13,16:02:37,H,6.00,68.40
2022-12-13,16:02:47,H,6.00,68.40
2022-12-13,16:02:57,H,6.00,68.40
2022-12-13,16:03:07,H,6.00,68.30
2022-12-13,16:03:17,H,6.00,68.30
2022-12-13,16:03:27,H,6.00,68.30
2022-12-13,16:03:37,H,6.00,68.30
2022-12-13,16:03:47,H,6.00,68.30
2022-12-13,16:03:57,H,6.00,68.30
2022-12-13,16:04:07,H,6.00,68.30
2022-12-13,16:04:17,H,6.00,68.20
2022-12-13,16:04:27,H,6.00,68.20
2022-12-13,16:04:37,H,6.00,68.20
2022-12-13,16:04:47,H,6.00,68.20
2022-12-13,16:04:57,H,6.00,68.20
2022-12-13,16:05:07,H,6.00,68.20
2022-12-13,16:05:17,H,6.00,68.10
2022-12-13,16:05:27,H,6.00,68.00
2022-12-13,16:05:37,H,6.00,68.00
2022-12-13,16:05:47,H,6.00,67.90
2022-12-13,16:05:57,H,6.00,68.10
2022-12-13,16:06:07,H,6.00,68.30
2022-12-13,16:06:17,H,6.00,68.40
2022-12-13,16:06:27,H,6.00,68.50
2022-12-13,16:06:37,H,5.90,68.50
2022-12-13,16:06:47,H,5.90,68.60
2022-12-13,16:06:57,H,6.00,68.50
2022-12-13,16:07:07,H,6.00,68.50
2022-12-13,16:07:17,H,6.00,68.50
2022-12-13,16:07:27,H,6.00,68.50
2022-12-13,16:07:37,H,6.00,68.50
2022-12-13,16:07:47,H,6.00,68.40
2022-12-13,16:07:57,H,6.00,68.40
2022-12-13,16:08:07,H,5.90,68.40
2022-12-13,16:08:17,H,6.00,68.40
2022-12-13,16:08:27,H,5.90,68.40
2022-12-13,16:08:37,H,6.00,68.50
2022-12-13,16:08:47,H,5.90,68.60
2022-12-13,16:08:57,H,6.00,68.50
2022-12-13,16:09:07,H,6.00,68.50
2022-12-13,16:09:17,H,6.00,68.40
2022-12-13,16:09:27,H,5.90,68.40
2022-12-13,16:09:37,H,5.90,68.40
2022-12-13,16:09:47,H,5.90,68.50
2022-12-13,16:09:57,H,6.00,68.50
2022-12-13,16:10:07,H,6.00,68.50
2022-12-13,16:10:17,H,6.00,68.50
2022-12-13,16:10:27,H,5.90,68.40
2022-12-13,16:10:47,H,5.90,68.40
2022-12-13,16:10:57,H,5.90,68.50
2022-12-13,16:11:07,H,5.90,68.60
2022-12-13,16:11:17,H,6.00,68.50
2022-12-13,16:11:27,H,6.00,68.50
2022-12-13,16:11:37,H,5.90,68.50
2022-12-13,16:11:47,H,5.90,68.50
2022-12-13,16:11:57,H,6.00,68.50
2022-12-13,16:12:07,H,5.90,68.40
2022-12-13,16:12:17,H,6.00,68.40
2022-12-13,16:12:27,H,5.90,68.40
2022-12-13,16:12:37,H,5.90,68.40
2022-12-13,16:12:47,H,5.90,68.60
2022-12-13,16:12:57,H,5.90,68.70
2022-12-13,16:13:07,H,5.90,68.60
2022-12-13,16:13:17,H,5.90,68.50
2022-12-13,16:13:27,H,5.90,68.50
2022-12-13,16:13:37,H,5.90,68.50
2022-12-13,16:13:47,H,5.90,68.50
2022-12-13,16:13:57,H,5.90,68.50
2022-12-13,16:14:07,H,5.90,68.50
2022-12-13,16:14:17,H,5.90,68.60
2022-12-13,16:14:27,H,5.90,68.60
2022-12-13,16:14:37,H,5.90,68.50
2022-12-13,16:14:47,H,5.90,68.60
2022-12-13,16:14:57,H,5.90,68.60
2022-12-13,16:15:07,H,5.90,68.60
2022-12-13,16:15:17,H,5.90,68.50
2022-12-13,16:15:27,H,5.90,68.50
2022-12-13,16:15:37,H,5.90,68.60
2022-12-13,16:15:47,H,5.90,68.50
2022-12-13,16:15:57,H,5.90,68.40
2022-12-13,16:16:07,H,5.90,68.20
2022-12-13,16:16:17,H,5.90,68.20
2022-12-13,16:16:27,H,5.80,68.30
2022-12-13,16:16:37,H,5.80,68.40
2022-12-13,16:16:47,H,5.80,68.40
2022-12-13,16:16:57,H,5.80,68.40
2022-12-13,16:17:07,H,5.80,68.40
2022-12-13,16:17:17,H,5.80,68.20
2022-12-13,16:17:27,H,5.80,68.00
2022-12-13,16:17:37,H,5.80,68.10
2022-12-13,16:17:47,H,5.80,68.20
2022-12-13,16:17:57,H,5.80,68.00
2022-12-13,16:18:07,H,5.70,68.10
2022-12-13,16:18:17,H,5.70,68.20
2022-12-13,16:18:27,H,5.70,68.30
2022-12-13,16:18:37,H,5.70,68.30
2022-12-13,16:18:47,H,5.70,68.40
2022-12-13,16:18:57,H,5.70,68.50
2022-12-13,16:19:07,H,5.70,68.50
2022-12-13,16:19:17,H,5.60,68.60
2022-12-13,16:19:27,H,5.60,68.70
2022-12-13,16:19:37,H,5.60,68.80
2022-12-13,16:19:47,H,5.60,68.70
2022-12-13,16:19:57,H,5.60,68.70
2022-12-13,16:20:07,H,5.60,68.90
2022-12-13,16:20:17,H,5.60,68.90
2022-12-13,16:20:27,H,5.60,69.00
2022-12-13,16:20:37,H,5.60,69.00
2022-12-13,16:20:47,H,5.60,69.00
2022-12-13,16:20:57,H,5.60,69.00
2022-12-13,16:21:07,H,5.60,69.00
2022-12-13,16:21:17,H,5.60,69.10
2022-12-13,16:21:27,H,5.60,69.20
2022-12-13,16:21:37,H,5.50,69.30
2022-12-13,16:21:47,H,5.60,69.10
2022-12-13,16:21:57,H,5.50,69.20
2022-12-13,16:22:07,H,5.60,69.30
2022-12-13,16:22:17,H,5.60,69.30
2022-12-13,16:22:27,H,5.60,69.30
2022-12-13,16:22:37,H,5.60,69.40
2022-12-13,16:22:47,H,5.60,69.40
2022-12-13,16:22:57,H,5.60,69.40
2022-12-13,16:23:07,H,5.60,69.30
2022-12-13,16:23:17,H,5.60,69.20
2022-12-13,16:23:27,H,5.60,69.10
2022-12-13,16:23:37,H,5.60,69.20
2022-12-13,16:23:47,H,5.60,69.20
2022-12-13,16:23:57,H,5.60,69.30
2022-12-13,16:24:07,H,5.50,69.30
2022-12-13,16:24:17,H,5.60,69.20
2022-12-13,16:24:27,H,5.60,69.30
2022-12-13,16:24:37,H,5.60,69.40
2022-12-13,16:24:47,H,5.60,69.40
2022-12-13,16:24:57,H,5.60,69.40
2022-12-13,16:25:07,H,5.60,69.30
2022-12-13,16:25:17,H,5.60,69.30
2022-12-13,16:25:27,H,5.50,69.30
2022-12-13,16:25:37,H,5.60,69.20
2022-12-13,16:25:47,H,5.60,69.20
2022-12-13,16:25:57,H,5.60,69.20
2022-12-13,16:26:07,H,5.60,69.30
2022-12-13,16:26:17,H,5.60,69.30
2022-12-13,16:26:27,H,5.60,69.40
2022-12-13,16:26:37,H,5.60,69.40
2022-12-13,16:26:47,H,5.60,69.30
2022-12-13,16:26:57,H,5.60,69.30
2022-12-13,16:27:07,H,5.60,69.20
2022-12-13,16:27:17,H,5.60,69.30
2022-12-13,16:27:27,H,5.60,69.40
2022-12-13,16:27:37,H,5.60,69.30
2022-12-13,16:27:47,H,5.60,69.20
2022-12-13,16:27:57,H,5.60,69.30
2022-12-13,16:28:07,H,5.60,69.40
2022-12-13,16:28:17,H,5.60,69.40
2022-12-13,16:28:27,H,5.60,69.30
2022-12-13,16:28:37,H,5.60,69.30
2022-12-13,16:28:47,H,5.60,69.30
2022-12-13,16:28:57,H,5.50,69.30
2022-12-13,16:29:07,H,5.50,69.30
2022-12-13,16:29:17,H,5.50,69.30
2022-12-13,16:29:27,H,5.60,69.40
2022-12-13,16:29:37,H,5.50,69.30
2022-12-13,16:29:47,H,5.50,69.20
2022-12-13,16:29:57,H,5.50,69.20
2022-12-13,16:30:07,H,5.50,69.30
2022-12-13,16:30:17,H,5.50,69.30
2022-12-13,16:30:27,H,5.50,69.40
2022-12-13,16:30:37,H,5.50,69.30
2022-12-13,16:30:47,H,5.50,69.30
2022-12-13,16:30:57,H,5.50,69.40
2022-12-13,16:31:07,H,5.50,69.40
2022-12-13,16:31:17,H,5.50,69.40
2022-12-13,16:31:27,H,5.50,69.50
2022-12-13,16:31:37,H,5.50,69.50
2022-12-13,16:31:47,H,5.50,69.40
2022-12-13,16:31:57,H,5.50,69.50
2022-12-13,16:32:07,H,5.50,69.60
2022-12-13,16:32:17,H,5.50,69.60
2022-12-13,16:32:27,H,5.50,69.60
2022-12-13,16:32:37,H,5.50,69.70
2022-12-13,16:32:47,H,5.50,69.70
2022-12-13,16:32:57,H,5.50,69.70
2022-12-13,16:33:07,H,5.50,69.70
2022-12-13,16:33:17,H,5.50,69.70
2022-12-13,16:33:27,H,5.50,69.70
2022-12-13,16:33:37,H,5.50,69.70
2022-12-13,16:33:47,H,5.50,69.70
2022-12-13,16:33:57,H,5.50,69.70
2022-12-13,16:34:07,H,5.50,69.70
2022-12-13,16:34:17,H,5.50,69.60
2022-12-13,16:34:27,H,5.50,69.60
2022-12-13,16:34:37,H,5.50,69.60
2022-12-13,16:34:47,H,5.40,69.60
2022-12-13,16:34:57,H,5.40,69.60
2022-12-13,16:35:07,H,5.40,69.60
2022-12-13,16:35:17,H,5.40,69.60
2022-12-13,16:35:27,H,5.40,69.60
2022-12-13,16:35:37,H,5.40,69.60
2022-12-13,16:35:47,H,5.40,69.60
2022-12-13,16:35:57,H,5.40,69.60
2022-12-13,16:36:07,H,5.40,69.70
2022-12-13,16:36:17,H,5.40,69.60
2022-12-13,16:36:27,H,5.40,69.70
2022-12-13,16:36:37,H,5.40,69.70
2022-12-13,16:36:47,H,5.40,69.70
2022-12-13,16:36:57,H,5.40,69.70
2022-12-13,16:37:07,H,5.40,69.60
2022-12-13,16:37:17,H,5.40,69.80
2022-12-13,16:37:27,H,5.40,69.90
2022-12-13,16:37:37,H,5.40,69.90
2022-12-13,16:37:47,H,5.40,69.80
2022-12-13,16:37:57,H,5.40,69.80
2022-12-13,16:38:07,H,5.30,69.80
2022-12-13,16:38:17,H,5.30,69.80
2022-12-13,16:38:27,H,5.30,69.80
2022-12-13,16:38:37,H,5.30,69.80
2022-12-13,16:38:47,H,5.30,69.90
2022-12-13,16:38:57,H,5.30,69.90
2022-12-13,16:39:07,H,5.30,69.90
2022-12-13,16:39:17,H,5.30,69.90
2022-12-13,16:39:27,H,5.30,69.90
2022-12-13,16:39:37,H,5.30,70.00
2022-12-13,16:39:47,H,5.30,70.10
2022-12-13,16:39:57,H,5.30,70.10
2022-12-13,16:40:07,H,5.30,70.00
2022-12-13,16:40:17,H,5.30,69.80
2022-12-13,16:40:27,H,5.30,69.80
2022-12-13,16:40:37,H,5.30,69.80
2022-12-13,16:40:47,H,5.30,69.80
2022-12-13,16:40:57,H,5.20,69.90
2022-12-13,16:41:07,H,5.20,70.10
2022-12-13,16:41:17,H,5.30,70.10
2022-12-13,16:41:27,H,5.20,70.00
2022-12-13,16:41:37,H,5.20,70.00
2022-12-13,16:41:47,H,5.20,70.10
2022-12-13,16:41:57,H,5.20,70.20
2022-12-13,16:42:07,H,5.20,70.30
2022-12-13,16:42:17,H,5.20,70.20
2022-12-13,16:42:27,H,5.20,70.20
2022-12-13,16:42:37,H,5.20,70.20
2022-12-13,16:42:47,H,5.20,70.20
2022-12-13,16:42:57,H,5.20,70.10
2022-12-13,16:43:07,H,5.20,70.00
2022-12-13,16:43:17,H,5.20,70.00
2022-12-13,16:43:27,H,5.20,70.10
2022-12-13,16:43:37,H,5.20,70.20
2022-12-13,16:43:47,H,5.20,70.20
2022-12-13,16:43:57,H,5.20,70.20
2022-12-13,16:44:07,H,5.20,70.20
2022-12-13,16:44:17,H,5.20,70.20
2022-12-13,16:44:27,H,5.20,70.20
2022-12-13,16:44:37,H,5.20,70.10
2022-12-13,16:44:47,H,5.20,70.00
2022-12-13,16:44:57,H,5.20,70.10
2022-12-13,16:45:07,H,5.20,70.10
2022-12-13,16:45:17,H,5.20,70.20
2022-12-13,16:45:27,H,5.20,70.30
2022-12-13,16:45:37,H,5.20,70.20
2022-12-13,16:45:47,H,5.20,70.30
2022-12-13,16:45:57,H,5.20,70.30
2022-12-13,16:46:07,H,5.10,70.30
2022-12-13,16:46:17,H,5.10,70.30
2022-12-13,16:46:27,H,5.20,70.00
2022-12-13,16:46:37,H,5.20,69.90
2022-12-13,16:46:47,H,5.10,69.90
2022-12-13,16:46:57,H,5.10,69.90
2022-12-13,16:47:07,H,5.10,69.90
2022-12-13,16:47:17,H,5.10,70.00
2022-12-13,16:47:27,H,5.10,70.10
2022-12-13,16:47:37,H,5.10,70.10
2022-12-13,16:47:47,H,5.10,70.10
2022-12-13,16:47:57,H,5.10,70.20
2022-12-13,16:48:07,H,5.10,70.20
2022-12-13,16:48:17,H,5.10,70.10
2022-12-13,16:48:27,H,5.10,70.00
2022-12-13,16:48:37,H,5.10,70.00
2022-12-13,16:48:47,H,5.10,70.00
2022-12-13,16:48:57,H,5.00,70.10
2022-12-13,16:49:07,H,5.00,70.10
2022-12-13,16:49:17,H,5.00,70.10
2022-12-13,16:49:27,H,5.00,70.10
2022-12-13,16:49:37,H,5.00,70.10
2022-12-13,16:49:47,H,5.00,70.10
2022-12-13,16:49:57,H,5.00,70.20
2022-12-13,16:50:07,H,4.90,70.30
2022-12-13,16:50:17,H,4.90,70.30
2022-12-13,16:50:27,H,4.90,70.30
2022-12-13,16:50:37,H,4.90,70.40
2022-12-13,16:50:47,H,4.90,70.50
2022-12-13,16:51:07,H,4.90,70.60
2022-12-13,16:51:17,H,4.90,70.60
2022-12-13,16:51:27,H,4.90,70.60
2022-12-13,16:51:37,H,4.90,70.50
2022-12-13,16:51:47,H,4.90,70.40
2022-12-13,16:51:57,H,4.90,70.30
2022-12-13,16:52:07,H,4.90,70.30
2022-12-13,16:52:17,H,4.90,70.30
2022-12-13,16:52:27,H,4.90,70.40
2022-12-13,16:52:37,H,4.90,70.40
2022-12-13,16:52:47,H,4.90,70.40
2022-12-13,16:52:57,H,4.80,70.40
2022-12-13,16:53:07,H,4.80,70.50
2022-12-13,16:53:17,H,4.80,70.50
2022-12-13,16:53:27,H,4.80,70.50
2022-12-13,16:53:37,H,4.80,70.50
2022-12-13,16:53:47,H,4.80,70.50
2022-12-13,16:53:57,H,4.80,70.50
2022-12-13,16:54:07,H,4.80,70.70
2022-12-13,16:54:17,H,4.80,70.70
2022-12-13,16:54:27,H,4.80,70.70
2022-12-13,16:54:37,H,4.80,70.60
2022-12-13,16:54:47,H,4.80,70.60
2022-12-13,16:54:57,H,4.80,70.70
2022-12-13,16:55:07,H,4.80,70.60
2022-12-13,16:55:17,H,4.80,70.50
2022-12-13,16:55:27,H,4.70,70.60
2022-12-13,16:55:37,H,4.70,70.70
2022-12-13,16:55:47,H,4.70,70.70
2022-12-13,16:55:57,H,4.70,70.70
2022-12-13,16:56:07,H,4.70,70.80
2022-12-13,16:56:17,H,4.70,70.80
2022-12-13,16:56:27,H,4.70,70.70
2022-12-13,16:56:37,H,4.70,70.70
2022-12-13,16:56:47,H,4.70,70.80
2022-12-13,16:56:57,H,4.70,70.90
2022-12-13,16:57:07,H,4.70,70.90
2022-12-13,16:57:17,H,4.70,70.80
2022-12-13,16:57:27,H,4.70,70.90
2022-12-13,16:57:37,H,4.70,71.00
2022-12-13,16:57:47,H,4.70,71.00
2022-12-13,16:57:57,H,4.70,71.00
2022-12-13,16:58:07,H,4.70,71.10
2022-12-13,16:58:17,H,4.70,71.10
2022-12-13,16:58:27,H,4.70,71.20
2022-12-13,16:58:37,H,4.70,71.00
2022-12-13,16:58:47,H,4.70,70.90
2022-12-13,16:58:57,H,4.70,70.90
2022-12-13,16:59:07,H,4.70,70.80
2022-12-13,16:59:17,H,4.70,70.80
2022-12-13,16:59:27,H,4.70,70.80
2022-12-13,16:59:37,H,4.70,70.80
2022-12-13,16:59:47,H,4.70,70.80
2022-12-13,16:59:57,H,4.70,70.80
2022-12-13,17:00:07,H,4.70,70.80
2022-12-13,17:00:17,H,4.70,70.80
2022-12-13,17:00:27,H,4.70,70.80
2022-12-13,17:00:37,H,4.70,70.90
2022-12-13,17:00:47,H,4.70,70.90
2022-12-13,17:00:57,H,4.70,70.80
2022-12-13,17:01:07,H,4.70,70.80
2022-12-13,17:01:17,H,4.70,70.70
2022-12-13,17:01:27,H,4.70,70.70
2022-12-13,17:01:37,H,4.70,70.80
2022-12-13,17:01:47,H,4.70,70.80
2022-12-13,17:01:57,H,4.70,70.90
2022-12-13,17:02:07,H,4.70,70.80
2022-12-13,17:02:17,H,4.70,70.80
2022-12-13,17:02:27,H,4.70,70.70
2022-12-13,17:02:37,H,4.70,70.60
2022-12-13,17:02:47,H,4.70,70.60
2022-12-13,17:02:57,H,4.70,70.70
2022-12-13,17:03:07,H,4.70,70.70
2022-12-13,17:03:17,H,4.70,70.60
2022-12-13,17:03:27,H,4.70,70.60
2022-12-13,17:03:37,H,4.70,70.70
2022-12-13,17:03:47,H,4.70,70.80
2022-12-13,17:03:57,H,4.60,70.80
2022-12-13,17:04:07,H,4.60,71.00
2022-12-13,17:04:17,H,4.60,71.00
2022-12-13,17:04:27,H,4.60,70.90
2022-12-13,17:04:37,H,4.60,70.90
2022-12-13,17:04:47,H,4.70,71.00
2022-12-13,17:04:57,H,4.60,71.00
2022-12-13,17:05:07,H,4.60,71.00
2022-12-13,17:05:17,H,4.60,70.90
2022-12-13,17:05:27,H,4.60,70.80
2022-12-13,17:05:37,H,4.60,70.80
2022-12-13,17:05:47,H,4.60,70.80
2022-12-13,17:05:57,H,4.60,70.90
2022-12-13,17:06:07,H,4.70,71.00
2022-12-13,17:06:17,H,4.70,71.00
2022-12-13,17:06:27,H,4.70,71.00
2022-12-13,17:06:37,H,4.70,71.00
2022-12-13,17:06:47,H,4.70,70.80
2022-12-13,17:06:57,H,4.60,70.70
2022-12-13,17:07:07,H,4.70,70.70
2022-12-13,17:07:17,H,4.60,70.80
2022-12-13,17:07:27,H,4.60,70.70
2022-12-13,17:07:37,H,4.70,70.70
2022-12-13,17:07:47,H,4.70,70.80
2022-12-13,17:07:57,H,4.60,70.80
2022-12-13,17:08:07,H,4.60,70.80
2022-12-13,17:08:17,H,4.60,70.90
2022-12-13,17:08:27,H,4.60,70.80
2022-12-13,17:08:37,H,4.60,70.80
2022-12-13,17:08:47,H,4.70,70.90
2022-12-13,17:08:57,H,4.60,70.90
2022-12-13,17:09:07,H,4.60,70.90
2022-12-13,17:09:17,H,4.60,71.00
2022-12-13,17:09:27,H,4.60,70.90
2022-12-13,17:09:37,H,4.70,70.80
2022-12-13,17:09:47,H,4.60,70.90
2022-12-13,17:09:57,H,4.70,70.90
2022-12-13,17:10:07,H,4.70,70.90
2022-12-13,17:10:17,H,4.60,70.90
2022-12-13,17:10:27,H,4.70,70.80
2022-12-13,17:10:37,H,4.70,70.80
2022-12-13,17:10:47,H,4.70,70.70
2022-12-13,17:10:57,H,4.70,70.70
2022-12-13,17:11:07,H,4.60,70.70
2022-12-13,17:11:17,H,4.60,70.80
2022-12-13,17:11:27,H,4.60,70.80
2022-12-13,17:11:37,H,4.60,70.80
2022-12-13,17:11:47,H,4.70,70.80
2022-12-13,17:11:57,H,4.70,70.90
2022-12-13,17:12:07,H,4.70,70.90
2022-12-13,17:12:17,H,4.60,70.90
2022-12-13,17:12:27,H,4.60,70.80
2022-12-13,17:12:37,H,4.70,70.80
2022-12-13,17:12:47,H,4.70,70.90
2022-12-13,17:12:57,H,4.60,70.80
2022-12-13,17:13:07,H,4.70,70.70
2022-12-13,17:13:17,H,4.60,70.70
2022-12-13,17:13:27,H,4.60,70.70
2022-12-13,17:13:37,H,4.60,70.60
2022-12-13,17:13:47,H,4.60,70.50
2022-12-13,17:13:57,H,4.60,70.60
2022-12-13,17:14:07,H,4.60,70.60
2022-12-13,17:14:17,H,4.60,70.50
2022-12-13,17:14:27,H,4.60,70.70
2022-12-13,17:14:37,H,4.60,70.80
2022-12-13,17:14:47,H,4.60,70.90
2022-12-13,17:14:57,H,4.60,70.90
2022-12-13,17:15:07,H,4.60,70.90
2022-12-13,17:15:27,H,4.60,70.90
2022-12-13,17:15:37,H,4.60,70.90
2022-12-13,17:15:47,H,4.60,70.90
2022-12-13,17:15:57,H,4.60,71.00
2022-12-13,17:16:07,H,4.60,71.00
2022-12-13,17:16:17,H,4.60,71.00
2022-12-13,17:16:27,H,4.60,71.00
2022-12-13,17:16:37,H,4.60,70.90
2022-12-13,17:16:47,H,4.60,70.90
2022-12-13,17:16:57,H,4.60,71.00
2022-12-13,17:17:07,H,4.60,70.90
2022-12-13,17:17:17,H,4.60,70.90
2022-12-13,17:17:27,H,4.60,70.90
2022-12-13,17:17:37,H,4.60,71.00
2022-12-13,17:17:47,H,4.60,71.00
2022-12-13,17:17:57,H,4.60,71.00
2022-12-13,17:18:07,H,4.60,70.90
2022-12-13,17:18:17,H,4.60,70.90
2022-12-13,17:18:27,H,4.60,70.90
2022-12-13,17:18:37,H,4.60,70.90
2022-12-13,17:18:47,H,4.60,71.00
2022-12-13,17:18:57,H,4.60,71.00
2022-12-13,17:19:07,H,4.70,71.10
2022-12-13,17:19:17,H,4.60,71.20
2022-12-13,17:19:27,H,4.70,71.20
2022-12-13,17:19:37,H,4.70,71.20
2022-12-13,17:19:47,H,4.70,71.10
2022-12-13,17:19:57,H,4.70,71.20
2022-12-13,17:20:07,H,4.70,71.20
2022-12-13,17:20:17,H,4.70,71.20
2022-12-13,17:20:27,H,4.70,71.20
2022-12-13,17:20:37,H,4.70,71.20
2022-12-13,17:20:47,H,4.70,71.10
2022-12-13,17:20:57,H,4.70,71.00
2022-12-13,17:21:07,H,4.70,71.00
2022-12-13,17:21:17,H,4.70,71.00
2022-12-13,17:21:27,H,4.70,70.90
2022-12-13,17:21:37,H,4.70,70.80
2022-12-13,17:21:47,H,4.70,70.70
2022-12-13,17:21:57,H,4.70,70.60
2022-12-13,17:22:07,H,4.70,70.60
2022-12-13,17:22:17,H,4.70,70.70
2022-12-13,17:22:27,H,4.70,70.70
2022-12-13,17:22:37,H,4.70,70.80
2022-12-13,17:22:47,H,4.70,70.70
2022-12-13,17:22:57,H,4.70,70.70
2022-12-13,17:23:07,H,4.70,70.70
2022-12-13,17:23:17,H,4.70,70.80
2022-12-13,17:23:27,H,4.70,70.70
2022-12-13,17:23:37,H,4.70,70.70
2022-12-13,17:23:47,H,4.70,70.70
2022-12-13,17:23:57,H,4.70,70.70
2022-12-13,17:24:07,H,4.70,70.70
2022-12-13,17:24:17,H,4.70,70.80
2022-12-13,17:24:27,H,4.70,71.00
2022-12-13,17:24:37,H,4.70,71.00
2022-12-13,17:24:47,H,4.70,71.00
2022-12-13,17:24:57,H,4.70,71.00
2022-12-13,17:25:07,H,4.70,71.00
2022-12-13,17:25:17,H,4.70,71.10
2022-12-13,17:25:27,H,4.70,71.10
2022-12-13,17:25:37,H,4.80,71.10
2022-12-13,17:25:47,H,4.70,71.10
2022-12-13,17:25:57,H,4.70,71.00
2022-12-13,17:26:07,H,4.80,70.90
2022-12-13,17:26:17,H,4.80,70.90
2022-12-13,17:26:27,H,4.80,70.80
2022-12-13,17:26:37,H,4.80,70.90
2022-12-13,17:26:47,H,4.80,70.80
2022-12-13,17:26:57,H,4.80,70.90
2022-12-13,17:27:07,H,4.80,71.00
2022-12-13,17:27:17,H,4.80,71.00
2022-12-13,17:27:27,H,4.80,70.90
2022-12-13,17:27:37,H,4.80,70.80
2022-12-13,17:27:47,H,4.80,70.80
2022-12-13,17:27:57,H,4.80,70.70
2022-12-13,17:28:07,H,4.80,70.60
2022-12-13,17:28:17,H,4.80,70.70
2022-12-13,17:28:27,H,4.80,70.70
2022-12-13,17:28:37,H,4.80,70.70
2022-12-13,17:28:47,H,4.80,70.80
2022-12-13,17:28:57,H,4.80,70.80
2022-12-13,17:29:07,H,4.80,70.80
2022-12-13,17:29:17,H,4.80,70.80
2022-12-13,17:29:27,H,4.80,70.70
2022-12-13,17:29:37,H,4.80,70.70
2022-12-13,17:29:47,H,4.80,70.60
2022-12-13,17:29:57,H,4.80,70.60
2022-12-13,17:30:07,H,4.80,70.60
2022-12-13,17:30:17,H,4.80,70.60
2022-12-13,17:30:27,H,4.80,70.60
2022-12-13,17:30:37,H,4.80,70.60
2022-12-13,17:30:47,H,4.80,70.60
2022-12-13,17:30:57,H,4.80,70.60
2022-12-13,17:31:07,H,4.80,70.70
2022-12-13,17:31:17,H,4.80,70.70
2022-12-13,17:31:27,H,4.80,70.60
2022-12-13,17:31:37,H,4.80,70.60
2022-12-13,17:31:47,H,4.80,70.60
2022-12-13,17:31:57,H,4.80,70.70
2022-12-13,17:32:07,H,4.70,70.90
2022-12-13,17:32:17,H,4.70,70.90
2022-12-13,17:32:27,H,4.80,70.90
2022-12-13,17:32:37,H,4.80,70.80
2022-12-13,17:32:47,H,4.80,70.90
2022-12-13,17:32:57,H,4.80,70.90
2022-12-13,17:33:07,H,4.80,70.90
2022-12-13,17:33:17,H,4.80,70.90
2022-12-13,17:33:27,H,4.80,70.90
2022-12-13,17:33:37,H,4.80,70.90
2022-12-13,17:33:47,H,4.80,70.80
2022-12-13,17:33:57,H,4.80,70.80
2022-12-13,17:34:07,H,4.80,70.80
2022-12-13,17:34:17,H,4.80,70.70
2022-12-13,17:34:27,H,4.80,70.80
2022-12-13,17:34:37,H,4.80,70.80
2022-12-13,17:34:47,H,4.80,70.80
2022-12-13,17:34:57,H,4.80,70.90
2022-12-13,17:35:07,H,4.80,70.90
2022-12-13,17:35:17,H,4.70,70.80
2022-12-13,17:35:27,H,4.80,70.70
2022-12-13,17:35:37,H,4.70,70.50
2022-12-13,17:35:47,H,4.70,70.50
2022-12-13,17:35:57,H,4.70,70.50
2022-12-13,17:36:07,H,4.70,70.50
2022-12-13,17:36:17,H,4.70,70.40
2022-12-13,17:36:27,H,4.70,70.40
2022-12-13,17:36:37,H,4.70,70.50
2022-12-13,17:36:47,H,4.70,70.60
2022-12-13,17:36:57,H,4.70,70.70
2022-12-13,17:37:07,H,4.70,70.70
2022-12-13,17:37:17,H,4.70,70.80
2022-12-13,17:37:27,H,4.70,70.80
2022-12-13,17:37:37,H,4.70,70.80
2022-12-13,17:37:47,H,4.70,70.90
2022-12-13,17:37:57,H,4.70,70.90
2022-12-13,17:38:07,H,4.60,70.80
2022-12-13,17:38:17,H,4.60,70.90
2022-12-13,17:38:27,H,4.60,70.90
2022-12-13,17:38:37,H,4.60,70.90
2022-12-13,17:38:47,H,4.70,70.90
2022-12-13,17:38:57,H,4.70,70.90
2022-12-13,17:39:07,H,4.60,70.90
2022-12-13,17:39:17,H,4.60,70.90
2022-12-13,17:39:27,H,4.60,70.90
2022-12-13,17:39:37,H,4.60,70.90
2022-12-13,17:39:47,H,4.60,71.00
2022-12-13,17:39:57,H,4.60,71.00
2022-12-13,17:40:07,H,4.60,71.10
2022-12-13,17:40:17,H,4.60,71.00
2022-12-13,17:40:27,H,4.60,70.90
2022-12-13,17:40:37,H,4.60,70.90
2022-12-13,17:40:47,H,4.60,70.90
2022-12-13,17:40:57,H,4.70,71.00
2022-12-13,17:41:07,H,4.70,70.90
2022-12-13,17:41:17,H,4.60,70.90
2022-12-13,17:41:27,H,4.70,70.80
2022-12-13,17:41:37,H,4.60,70.90
2022-12-13,17:41:47,H,4.60,70.90
2022-12-13,17:41:57,H,4.60,70.80
2022-12-13,17:42:07,H,4.60,70.80
2022-12-13,17:42:17,H,4.60,70.80
2022-12-13,17:42:27,H,4.60,71.00
2022-12-13,17:42:37,H,4.60,70.90
2022-12-13,17:42:47,H,4.60,71.00
2022-12-13,17:42:57,H,4.60,71.10
2022-12-13,17:43:07,H,4.60,71.10
2022-12-13,17:43:17,H,4.60,71.20
2022-12-13,17:43:27,H,4.60,71.10
2022-12-13,17:43:37,H,4.60,71.10
2022-12-13,17:43:47,H,4.60,71.00
2022-12-13,17:43:57,H,4.60,71.00
2022-12-13,17:44:07,H,4.60,71.10
2022-12-13,17:44:17,H,4.60,71.00
2022-12-13,17:44:27,H,4.60,71.00
2022-12-13,17:44:37,H,4.60,71.00
2022-12-13,17:44:47,H,4.60,71.00
2022-12-13,17:44:57,H,4.60,71.00
2022-12-13,17:45:07,H,4.60,71.00
2022-12-13,17:45:17,H,4.60,71.00
2022-12-13,17:45:27,H,4.60,70.90
2022-12-13,17:45:37,H,4.60,70.90
2022-12-13,17:45:47,H,4.60,70.90
2022-12-13,17:45:57,H,4.60,70.90
2022-12-13,17:46:07,H,4.60,71.00
2022-12-13,17:46:17,H,4.60,71.00
2022-12-13,17:46:27,H,4.60,71.10
2022-12-13,17:46:37,H,4.60,71.10
2022-12-13,17:46:47,H,4.60,71.00
2022-12-13,17:46:57,H,4.60,71.00
2022-12-13,17:47:07,H,4.60,71.00
2022-12-13,17:47:17,H,4.60,71.10
2022-12-13,17:47:27,H,4.60,71.10
2022-12-13,17:47:37,H,4.60,71.10
2022-12-13,17:47:47,H,4.60,71.00
2022-12-13,17:47:57,H,4.60,71.00
2022-12-13,17:48:07,H,4.60,71.10
2022-12-13,17:48:17,H,4.60,71.10
2022-12-13,17:48:27,H,4.60,71.10
2022-12-13,17:48:37,H,4.60,71.20
2022-12-13,17:48:47,H,4.60,71.10
2022-12-13,17:48:57,H,4.60,71.10
2022-12-13,17:49:07,H,4.60,71.10
2022-12-13,17:49:17,H,4.60,71.00
2022-12-13,17:49:27,H,4.60,71.00
2022-12-13,17:49:37,H,4.60,71.10
2022-12-13,17:49:47,H,4.60,71.10
2022-12-13,17:49:57,H,4.60,71.20
2022-12-13,17:50:07,H,4.60,71.20
2022-12-13,17:50:17,H,4.60,71.10
2022-12-13,17:50:27,H,4.60,71.10
2022-12-13,17:50:37,H,4.60,71.00
2022-12-13,17:50:47,H,4.60,71.00
2022-12-13,17:50:57,H,4.60,71.00
2022-12-13,17:51:07,H,4.60,70.80
2022-12-13,17:51:17,H,4.60,70.80
2022-12-13,17:51:27,H,4.50,70.90
2022-12-13,17:51:37,H,4.60,71.00
2022-12-13,17:51:47,H,4.60,71.00
2022-12-13,17:51:57,H,4.50,71.10
2022-12-13,17:52:07,H,4.50,71.10
2022-12-13,17:52:17,H,4.50,71.10
2022-12-13,17:52:27,H,4.50,71.10
2022-12-13,17:52:37,H,4.50,71.00
2022-12-13,17:52:47,H,4.50,70.90
2022-12-13,17:52:57,H,4.50,71.00
2022-12-13,17:53:07,H,4.50,71.10
2022-12-13,17:53:17,H,4.50,71.00
2022-12-13,17:53:27,H,4.50,71.00
2022-12-13,17:53:37,H,4.40,71.10
2022-12-13,17:53:47,H,4.40,71.00
2022-12-13,17:53:57,H,4.40,71.10
2022-12-13,17:54:07,H,4.40,71.10
2022-12-13,17:54:17,H,4.40,71.10
2022-12-13,17:54:27,H,4.40,71.20
2022-12-13,17:54:37,H,4.40,71.10
2022-12-13,17:54:47,H,4.40,71.00
2022-12-13,17:54:57,H,4.30,71.00
2022-12-13,17:55:07,H,4.30,71.00
2022-12-13,17:55:17,H,4.30,71.10
2022-12-13,17:55:27,H,4.30,71.10
2022-12-13,17:55:37,H,4.30,71.20
2022-12-13,17:55:47,H,4.30,71.20
2022-12-13,17:55:57,H,4.30,71.30
2022-12-13,17:56:07,H,4.30,71.30
2022-12-13,17:56:17,H,4.30,71.30
2022-12-13,17:56:27,H,4.20,71.40
2022-12-13,17:56:37,H,4.20,71.50
2022-12-13,17:56:47,H,4.20,71.50
2022-12-13,17:56:57,H,4.20,71.60
2022-12-13,17:57:07,H,4.20,71.50
2022-12-13,17:57:17,H,4.20,71.50
2022-12-13,17:57:27,H,4.20,71.50
2022-12-13,17:57:37,H,4.20,71.50
2022-12-13,17:57:47,H,4.20,71.60
2022-12-13,17:57:57,H,4.10,71.70
2022-12-13,17:58:07,H,4.10,71.70
2022-12-13,17:58:17,H,4.10,71.70
2022-12-13,17:58:27,H,4.10,71.80
2022-12-13,17:58:37,H,4.10,71.90
2022-12-13,17:58:47,H,4.10,71.90
2022-12-13,17:58:57,H,4.10,71.90
2022-12-13,17:59:07,H,4.10,72.00
2022-12-13,17:59:17,H,4.10,72.10
2022-12-13,17:59:27,H,4.10,72.10
2022-12-13,17:59:37,H,4.10,72.10
2022-12-13,17:59:47,H,4.10,72.00
2022-12-13,17:59:57,H,4.10,72.00
2022-12-13,18:00:07,H,4.10,72.00
2022-12-13,18:00:17,H,4.10,72.00
2022-12-13,18:00:27,H,4.10,72.10
2022-12-13,18:00:37,H,4.10,72.00
2022-12-13,18:00:47,H,4.10,72.00
2022-12-13,18:00:57,H,4.10,72.10
2022-12-13,18:01:07,H,4.10,72.10
2022-12-13,18:01:17,H,4.10,72.10
2022-12-13,18:01:27,H,4.10,72.10
2022-12-13,18:01:37,H,4.10,72.10
2022-12-13,18:01:47,H,4.10,72.10
2022-12-13,18:01:57,H,4.10,72.10
2022-12-13,18:02:07,H,4.10,72.00
2022-12-13,18:02:17,H,4.10,72.00
2022-12-13,18:02:27,H,4.10,72.00
2022-12-13,18:02:37,H,4.10,72.00
2022-12-13,18:02:47,H,4.10,71.90
2022-12-13,18:02:57,H,4.10,71.90
2022-12-13,18:03:07,H,4.10,71.80
2022-12-13,18:03:17,H,4.00,71.80
2022-12-13,18:03:27,H,4.00,71.80
2022-12-13,18:03:37,H,4.00,71.90
2022-12-13,18:03:47,H,4.00,72.00
2022-12-13,18:03:57,H,4.00,72.00
2022-12-13,18:04:07,H,4.00,72.00
2022-12-13,18:04:17,H,4.00,72.00
2022-12-13,18:04:27,H,4.00,72.10
2022-12-13,18:04:37,H,4.00,72.10
2022-12-13,18:04:47,H,4.00,72.10
2022-12-13,18:04:57,H,4.00,72.20
2022-12-13,18:05:07,H,4.00,72.20
2022-12-13,18:05:17,H,4.00,72.20
2022-12-13,18:05:27,H,4.00,72.20
2022-12-13,18:05:37,H,4.00,72.10
2022-12-13,18:05:47,H,4.00,72.10
2022-12-13,18:05:57,H,4.00,72.10
2022-12-13,18:06:07,H,4.00,72.00
2022-12-13,18:06:17,H,4.00,72.00
2022-12-13,18:06:27,H,4.00,72.10
2022-12-13,18:06:37,H,4.00,72.10
2022-12-13,18:06:47,H,4.00,72.10
2022-12-13,18:06:57,H,4.00,72.20
2022-12-13,18:07:07,H,4.00,72.20
2022-12-13,18:07:17,H,4.00,72.10
2022-12-13,18:07:27,H,4.00,72.10
2022-12-13,18:07:37,H,4.00,72.20
2022-12-13,18:07:47,H,4.00,72.20
2022-12-13,18:07:57,H,4.00,72.20
2022-12-13,18:08:07,H,4.00,72.10
2022-12-13,18:08:17,H,4.00,72.10
2022-12-13,18:08:27,H,4.00,72.00
2022-12-13,18:08:37,H,4.00,72.10
2022-12-13,18:08:47,H,4.00,72.10
2022-12-13,18:08:57,H,4.00,72.10
2022-12-13,18:09:07,H,4.00,72.10
2022-12-13,18:09:17,H,4.00,72.10
2022-12-13,18:09:27,H,4.00,72.10
2022-12-13,18:09:37,H,4.00,72.00
2022-12-13,18:09:47,H,4.00,72.00
2022-12-13,18:09:57,H,4.00,72.10
2022-12-13,18:10:07,H,4.00,72.20
2022-12-13,18:10:17,H,4.00,72.20
2022-12-13,18:10:27,H,4.00,72.10
2022-12-13,18:10:37,H,4.00,72.00
2022-12-13,18:10:47,H,4.00,71.90
2022-12-13,18:10:57,H,4.00,71.80
2022-12-13,18:11:07,H,4.00,71.80
2022-12-13,18:11:17,H,4.00,71.80
2022-12-13,18:11:27,H,4.00,71.90
2022-12-13,18:11:37,H,4.00,71.90
2022-12-13,18:11:47,H,4.00,71.90
2022-12-13,18:11:57,H,4.00,71.90
2022-12-13,18:12:07,H,4.00,71.90
2022-12-13,18:12:17,H,4.00,71.90
2022-12-13,18:12:27,H,4.00,71.90
2022-12-13,18:12:37,H,4.00,71.90
2022-12-13,18:12:47,H,4.00,71.90
2022-12-13,18:12:57,H,4.00,72.00
2022-12-13,18:13:07,H,4.00,72.00
2022-12-13,18:13:17,H,4.00,72.10
2022-12-13,18:13:27,H,4.00,72.10
2022-12-13,18:13:37,H,4.00,72.00
2022-12-13,18:13:47,H,4.00,72.00
2022-12-13,18:13:57,H,4.00,72.10
2022-12-13,18:14:07,H,4.00,72.10
2022-12-13,18:14:17,H,4.00,72.10
2022-12-13,18:14:27,H,4.00,72.10
2022-12-13,18:14:37,H,4.00,72.10
2022-12-13,18:14:47,H,4.00,72.10
2022-12-13,18:14:57,H,4.00,72.10
2022-12-13,18:15:07,H,4.00,72.10
2022-12-13,18:15:17,H,4.00,72.00
2022-12-13,18:15:27,H,4.00,72.00
2022-12-13,18:15:37,H,4.00,72.00
2022-12-13,18:15:47,H,4.00,72.00
2022-12-13,18:15:57,H,4.00,72.00
2022-12-13,18:16:07,H,4.00,72.00
2022-12-13,18:16:17,H,4.00,71.90
2022-12-13,18:16:27,H,4.00,71.80
2022-12-13,18:16:37,H,4.00,71.80
2022-12-13,18:16:47,H,4.00,71.90
2022-12-13,18:16:57,H,4.00,71.90
2022-12-13,18:17:07,H,4.00,71.90
2022-12-13,18:17:17,H,3.90,71.90
2022-12-13,18:17:27,H,4.00,71.90
2022-12-13,18:17:37,H,3.90,71.80
2022-12-13,18:17:47,H,3.90,71.70
2022-12-13,18:17:57,H,3.90,71.80
2022-12-13,18:18:07,H,3.90,71.90
2022-12-13,18:18:17,H,3.90,71.90
2022-12-13,18:18:27,H,3.90,71.90
2022-12-13,18:18:37,H,3.90,71.90
2022-12-13,18:18:47,H,3.90,71.90
2022-12-13,18:18:57,H,3.90,72.00
2022-12-13,18:19:07,H,3.90,72.00
2022-12-13,18:19:17,H,3.90,72.10
2022-12-13,18:19:27,H,3.90,72.10
2022-12-13,18:19:37,H,3.90,72.10
2022-12-13,18:19:47,H,3.90,72.20
2022-12-13,18:19:57,H,3.90,72.30
2022-12-13,18:20:07,H,3.90,72.30
2022-12-13,18:20:17,H,3.90,72.20
2022-12-13,18:20:27,H,3.80,72.10
2022-12-13,18:20:37,H,3.90,72.10
2022-12-13,18:20:47,H,3.90,72.20
2022-12-13,18:20:57,H,3.80,72.30
2022-12-13,18:21:07,H,3.80,72.30
2022-12-13,18:21:17,H,3.80,72.20
2022-12-13,18:21:27,H,3.80,72.10
2022-12-13,18:21:37,H,3.80,72.10
2022-12-13,18:21:47,H,3.80,72.20
2022-12-13,18:21:57,H,3.80,72.20
2022-12-13,18:22:07,H,3.80,72.20
2022-12-13,18:22:17,H,3.80,72.30
2022-12-13,18:22:27,H,3.80,72.30
2022-12-13,18:22:37,H,3.80,72.40
2022-12-13,18:22:47,H,3.80,72.40
2022-12-13,18:22:57,H,3.80,72.40
2022-12-13,18:23:07,H,3.80,72.40
2022-12-13,18:23:17,H,3.80,72.40
2022-12-13,18:23:27,H,3.80,72.40
2022-12-13,18:23:37,H,3.80,72.50
2022-12-13,18:23:47,H,3.80,72.40
2022-12-13,18:23:57,H,3.80,72.30
2022-12-13,18:24:07,H,3.80,72.30
2022-12-13,18:24:17,H,3.80,72.30
2022-12-13,18:24:27,H,3.80,72.30
2022-12-13,18:24:37,H,3.80,72.30
2022-12-13,18:24:47,H,3.80,72.20
2022-12-13,18:24:57,H,3.80,72.30
2022-12-13,18:25:07,H,3.80,72.30
2022-12-13,18:25:17,H,3.80,72.20
2022-12-13,18:25:27,H,3.80,72.20
2022-12-13,18:25:37,H,3.80,72.30
2022-12-13,18:25:47,H,3.80,72.30
2022-12-13,18:25:57,H,3.80,72.40
2022-12-13,18:26:07,H,3.80,72.30
2022-12-13,18:26:17,H,3.80,72.30
2022-12-13,18:26:27,H,3.80,72.30
2022-12-13,18:26:37,H,3.80,72.30
2022-12-13,18:26:47,H,3.80,72.30
2022-12-13,18:26:57,H,3.80,72.20
2022-12-13,18:27:07,H,3.80,72.20
2022-12-13,18:27:17,H,3.80,72.20
2022-12-13,18:27:27,H,3.80,72.20
2022-12-13,18:27:37,H,3.80,72.20
2022-12-13,18:27:47,H,3.80,72.30
2022-12-13,18:27:57,H,3.80,72.30
2022-12-13,18:28:07,H,3.80,72.30
2022-12-13,18:28:17,H,3.80,72.40
2022-12-13,18:28:27,H,3.80,72.50
2022-12-13,18:28:37,H,3.80,72.50
2022-12-13,18:28:47,H,3.80,72.50
2022-12-13,18:28:57,H,3.80,72.40
2022-12-13,18:29:07,H,3.80,72.40
2022-12-13,18:29:17,H,3.80,72.40
2022-12-13,18:29:27,H,3.80,72.40
2022-12-13,18:29:37,H,3.80,72.30
2022-12-13,18:29:47,H,3.80,72.30
2022-12-13,18:29:57,H,3.80,72.20
2022-12-13,18:30:07,H,3.80,72.20
2022-12-13,18:30:17,H,3.80,72.20
2022-12-13,18:30:27,H,3.80,72.20
2022-12-13,18:30:37,H,3.80,72.10
2022-12-13,18:30:47,H,3.80,72.00
2022-12-13,18:30:57,H,3.80,72.10
2022-12-13,18:31:07,H,3.70,72.20
2022-12-13,18:31:17,H,3.70,72.30
2022-12-13,18:31:27,H,3.70,72.40
2022-12-13,18:31:37,H,3.70,72.30
2022-12-13,18:31:47,H,3.70,72.30
2022-12-13,18:31:57,H,3.70,72.30
2022-12-13,18:32:07,H,3.70,72.40
2022-12-13,18:32:17,H,3.70,72.40
2022-12-13,18:32:27,H,3.70,72.40
2022-12-13,18:32:37,H,3.70,72.40
2022-12-13,18:32:47,H,3.70,72.30
2022-12-13,18:32:57,H,3.70,72.30
2022-12-13,18:33:07,H,3.70,72.30
2022-12-13,18:33:17,H,3.70,72.30
2022-12-13,18:33:27,H,3.70,72.30
2022-12-13,18:33:37,H,3.70,72.30
2022-12-13,18:33:47,H,3.70,72.30
2022-12-13,18:33:57,H,3.70,72.40
2022-12-13,18:34:07,H,3.70,72.40
2022-12-13,18:34:17,H,3.70,72.50
2022-12-13,18:34:27,H,3.70,72.50
2022-12-13,18:34:37,H,3.70,72.40
2022-12-13,18:34:47,H,3.70,72.40
2022-12-13,18:34:57,H,3.70,72.40
2022-12-13,18:35:07,H,3.70,72.40
2022-12-13,18:35:17,H,3.70,72.40
2022-12-13,18:35:27,H,3.70,72.40
2022-12-13,18:35:37,H,3.70,72.40
2022-12-13,18:35:47,H,3.70,72.30
2022-12-13,18:35:57,H,3.70,72.30
2022-12-13,18:36:07,H,3.70,72.30
2022-12-13,18:36:17,H,3.70,72.40
2022-12-13,18:36:27,H,3.70,72.40
2022-12-13,18:36:37,H,3.70,72.40
2022-12-13,18:36:47,H,3.70,72.40
2022-12-13,18:36:57,H,3.70,72.40
2022-12-13,18:37:07,H,3.70,72.30
2022-12-13,18:37:17,H,3.70,72.30
2022-12-13,18:37:27,H,3.70,72.30
2022-12-13,18:37:37,H,3.70,72.30
2022-12-13,18:37:47,H,3.70,72.30
2022-12-13,18:37:57,H,3.70,72.30
2022-12-13,18:38:07,H,3.70,72.30
2022-12-13,18:38:17,H,3.70,72.30
2022-12-13,18:38:27,H,3.70,72.30
2022-12-13,18:38:37,H,3.70,72.30
2022-12-13,18:38:47,H,3.70,72.40
2022-12-13,18:38:57,H,3.70,72.40
2022-12-13,18:39:07,H,3.70,72.40
2022-12-13,18:39:17,H,3.70,72.40
2022-12-13,18:39:27,H,3.70,72.50
2022-12-13,18:39:37,H,3.70,72.50
2022-12-13,18:39:47,H,3.70,72.40
2022-12-13,18:39:57,H,3.80,72.40
2022-12-13,18:40:07,H,3.80,72.30
2022-12-13,18:40:17,H,3.80,72.20
2022-12-13,18:40:37,H,3.70,72.20
2022-12-13,18:40:47,H,3.70,72.20
2022-12-13,18:40:57,H,3.70,72.30
2022-12-13,18:41:07,H,3.70,72.30
2022-12-13,18:41:17,H,3.70,72.30
2022-12-13,18:41:27,H,3.70,72.20
2022-12-13,18:41:37,H,3.70,72.20
2022-12-13,18:41:47,H,3.70,72.20
2022-12-13,18:41:57,H,3.70,72.30
2022-12-13,18:42:07,H,3.70,72.30
2022-12-13,18:42:17,H,3.70,72.40
2022-12-13,18:42:27,H,3.70,72.40
2022-12-13,18:42:37,H,3.70,72.40
2022-12-13,18:42:47,H,3.70,72.40
2022-12-13,18:42:57,H,3.70,72.40
2022-12-13,18:43:07,H,3.70,72.40
2022-12-13,18:43:17,H,3.70,72.40
2022-12-13,18:43:27,H,3.70,72.40
2022-12-13,18:43:37,H,3.70,72.40
2022-12-13,18:43:47,H,3.70,72.40
2022-12-13,18:43:57,H,3.70,72.40
2022-12-13,18:44:07,H,3.70,72.40
2022-12-13,18:44:17,H,3.70,72.40
2022-12-13,18:44:27,H,3.70,72.40
2022-12-13,18:44:37,H,3.60,72.40
2022-12-13,18:44:47,H,3.70,72.40
2022-12-13,18:44:57,H,3.70,72.40
2022-12-13,18:45:07,H,3.70,72.40
2022-12-13,18:45:17,H,3.60,72.50
2022-12-13,18:45:27,H,3.60,72.50
2022-12-13,18:45:37,H,3.60,72.50
2022-12-13,18:45:47,H,3.60,72.50
2022-12-13,18:45:57,H,3.60,72.50
2022-12-13,18:46:07,H,3.60,72.50
2022-12-13,18:46:17,H,3.60,72.50
2022-12-13,18:46:27,H,3.60,72.50
2022-12-13,18:46:37,H,3.60,72.60
2022-12-13,18:46:47,H,3.60,72.60
2022-12-13,18:46:57,H,3.60,72.70
2022-12-13,18:47:07,H,3.60,72.80
2022-12-13,18:47:17,H,3.60,72.90
2022-12-13,18:47:27,H,3.60,73.00
2022-12-13,18:47:37,H,3.60,73.00
2022-12-13,18:47:47,H,3.60,73.00
2022-12-13,18:47:57,H,3.60,72.90
2022-12-13,18:48:07,H,3.50,72.80
2022-12-13,18:48:17,H,3.50,72.80
2022-12-13,18:48:27,H,3.50,72.80
2022-12-13,18:48:37,H,3.50,72.90
2022-12-13,18:48:47,H,3.50,72.90
2022-12-13,18:48:57,H,3.50,72.90
2022-12-13,18:49:07,H,3.50,72.90
2022-12-13,18:49:17,H,3.50,72.90
2022-12-13,18:49:27,H,3.50,73.00
2022-12-13,18:49:37,H,3.50,73.00
2022-12-13,18:49:47,H,3.50,73.10
2022-12-13,18:49:57,H,3.50,73.10
2022-12-13,18:50:07,H,3.50,73.10
2022-12-13,18:50:17,H,3.50,73.10
2022-12-13,18:50:27,H,3.50,73.20
2022-12-13,18:50:37,H,3.50,73.10
2022-12-13,18:50:47,H,3.50,72.90
2022-12-13,18:50:57,H,3.50,72.90
2022-12-13,18:51:07,H,3.50,72.90
2022-12-13,18:51:17,H,3.40,73.00
2022-12-13,18:51:27,H,3.40,73.00
2022-12-13,18:51:37,H,3.50,73.00
2022-12-13,18:51:47,H,3.40,72.90
2022-12-13,18:51:57,H,3.40,72.80
2022-12-13,18:52:07,H,3.40,72.80
2022-12-13,18:52:17,H,3.40,72.80
2022-12-13,18:52:27,H,3.40,72.90
2022-12-13,18:52:37,H,3.40,72.90
2022-12-13,18:52:47,H,3.40,73.00
2022-12-13,18:52:57,H,3.40,73.10
2022-12-13,18:53:07,H,3.40,73.20
2022-12-13,18:53:17,H,3.40,73.30
2022-12-13,18:53:27,H,3.30,73.30
2022-12-13,18:53:37,H,3.40,73.30
2022-12-13,18:53:47,H,3.40,73.30
2022-12-13,18:53:57,H,3.40,73.20
2022-12-13,18:54:07,H,3.40,73.20
2022-12-13,18:54:17,H,3.40,73.30
2022-12-13,18:54:27,H,3.30,73.20
2022-12-13,18:54:37,H,3.30,73.30
2022-12-13,18:54:47,H,3.30,73.30
2022-12-13,18:54:57,H,3.30,73.20
2022-12-13,18:55:07,H,3.30,73.30
2022-12-13,18:55:17,H,3.30,73.40
2022-12-13,18:55:27,H,3.30,73.40
2022-12-13,18:55:37,H,3.40,73.50
2022-12-13,18:55:47,H,3.40,73.50
2022-12-13,18:55:57,H,3.30,73.50
2022-12-13,18:56:07,H,3.40,73.50
2022-12-13,18:56:17,H,3.40,73.40
2022-12-13,18:56:27,H,3.40,73.20
2022-12-13,18:56:37,H,3.40,73.20
2022-12-13,18:56:47,H,3.40,73.10
2022-12-13,18:56:57,H,3.40,73.10
2022-12-13,18:57:07,H,3.30,73.10
2022-12-13,18:57:17,H,3.40,73.00
2022-12-13,18:57:27,H,3.30,73.00
2022-12-13,18:57:37,H,3.40,73.00
2022-12-13,18:57:47,H,3.30,73.10
2022-12-13,18:57:57,H,3.30,73.20
2022-12-13,18:58:07,H,3.30,73.20
2022-12-13,18:58:17,H,3.40,73.20
2022-12-13,18:58:27,H,3.40,73.10
2022-12-13,18:58:37,H,3.40,73.10
2022-12-13,18:58:47,H,3.40,73.20
2022-12-13,18:58:57,H,3.40,73.20
2022-12-13,18:59:07,H,3.40,73.20
2022-12-13,18:59:17,H,3.40,73.10
2022-12-13,18:59:27,H,3.40,73.10
2022-12-13,18:59:37,H,3.40,73.10
2022-12-13,18:59:47,H,3.40,73.20
2022-12-13,18:59:57,H,3.40,73.20
2022-12-13,19:00:07,H,3.40,73.20
2022-12-13,19:00:17,H,3.40,73.10
2022-12-13,19:00:27,H,3.40,73.10
2022-12-13,19:00:37,H,3.40,73.10
2022-12-13,19:00:47,H,3.40,73.10
2022-12-13,19:00:57,H,3.40,73.00
2022-12-13,19:01:07,H,3.40,73.00
2022-12-13,19:01:17,H,3.40,72.90
2022-12-13,19:01:27,H,3.40,73.00
2022-12-13,19:01:37,H,3.40,73.00
2022-12-13,19:01:47,H,3.40,73.00
2022-12-13,19:01:57,H,3.40,73.00
2022-12-13,19:02:07,H,3.40,73.00
2022-12-13,19:02:17,H,3.40,72.90
2022-12-13,19:02:27,H,3.40,72.90
2022-12-13,19:02:37,H,3.40,72.90
2022-12-13,19:02:47,H,3.40,72.80
2022-12-13,19:02:57,H,3.40,72.80
2022-12-13,19:03:07,H,3.30,72.70
2022-12-13,19:03:17,H,3.30,72.70
2022-12-13,19:03:27,H,3.30,72.80
2022-12-13,19:03:37,H,3.30,72.80
2022-12-13,19:03:47,H,3.30,72.80
2022-12-13,19:03:57,H,3.30,72.80
2022-12-13,19:04:07,H,3.30,72.80
2022-12-13,19:04:17,H,3.30,72.90
2022-12-13,19:04:27,H,3.30,72.90
2022-12-13,19:04:37,H,3.30,73.00
2022-12-13,19:04:47,H,3.30,73.00
2022-12-13,19:04:57,H,3.30,73.00
2022-12-13,19:05:07,H,3.30,73.00
2022-12-13,19:05:17,H,3.30,73.10
2022-12-13,19:05:27,H,3.30,73.10
2022-12-13,19:05:37,H,3.30,73.10
2022-12-13,19:05:47,H,3.30,73.10
2022-12-13,19:05:57,H,3.30,73.10
2022-12-13,19:06:07,H,3.30,73.10
2022-12-13,19:06:17,H,3.30,73.00
2022-12-13,19:06:27,H,3.30,73.00
2022-12-13,19:06:37,H,3.30,72.90
2022-12-13,19:06:47,H,3.30,72.90
2022-12-13,19:06:57,H,3.30,72.80
2022-12-13,19:07:07,H,3.30,72.80
2022-12-13,19:07:17,H,3.30,72.90
2022-12-13,19:07:27,H,3.30,73.00
2022-12-13,19:07:37,H,3.30,73.00
2022-12-13,19:07:47,H,3.30,73.10
2022-12-13,19:07:57,H,3.30,73.10
2022-12-13,19:08:07,H,3.30,73.10
2022-12-13,19:08:17,H,3.30,73.10
2022-12-13,19:08:27,H,3.30,73.10
2022-12-13,19:08:37,H,3.20,73.10
2022-12-13,19:08:47,H,3.30,73.00
2022-12-13,19:08:57,H,3.20,73.00
2022-12-13,19:09:07,H,3.20,73.00
2022-12-13,19:09:17,H,3.20,73.00
2022-12-13,19:09:27,H,3.20,73.10
2022-12-13,19:09:37,H,3.20,73.20
2022-12-13,19:09:47,H,3.20,73.20
2022-12-13,19:09:57,H,3.20,73.20
2022-12-13,19:10:07,H,3.20,73.20
2022-12-13,19:10:17,H,3.20,73.20
2022-12-13,19:10:27,H,3.20,73.10
2022-12-13,19:10:37,H,3.20,73.10
2022-12-13,19:10:47,H,3.20,73.10
2022-12-13,19:10:57,H,3.20,73.10
2022-12-13,19:11:07,H,3.20,73.20
2022-12-13,19:11:17,H,3.20,73.20
2022-12-13,19:11:27,H,3.20,73.20
2022-12-13,19:11:37,H,3.20,73.20
2022-12-13,19:11:47,H,3.20,73.20
2022-12-13,19:11:57,H,3.20,73.20
2022-12-13,19:12:07,H,3.20,73.20
2022-12-13,19:12:17,H,3.20,73.20
2022-12-13,19:12:27,H,3.20,73.20
2022-12-13,19:12:37,H,3.20,73.20
2022-12-13,19:12:47,H,3.20,73.30
2022-12-13,19:12:57,H,3.20,73.30
2022-12-13,19:13:07,H,3.20,73.40
2022-12-13,19:13:17,H,3.20,73.40
2022-12-13,19:13:27,H,3.20,73.30
2022-12-13,19:13:37,H,3.20,73.20
2022-12-13,19:13:47,H,3.20,73.10
2022-12-13,19:13:57,H,3.20,73.20
2022-12-13,19:14:07,H,3.20,73.20
2022-12-13,19:14:17,H,3.20,73.30
2022-12-13,19:14:27,H,3.20,73.30
2022-12-13,19:14:37,H,3.20,73.30
2022-12-13,19:14:47,H,3.20,73.30
2022-12-13,19:14:57,H,3.20,73.40
2022-12-13,19:15:07,H,3.20,73.40
2022-12-13,19:15:17,H,3.20,73.50
2022-12-13,19:15:27,H,3.20,73.50
2022-12-13,19:15:37,H,3.20,73.50
2022-12-13,19:15:47,H,3.20,73.40
2022-12-13,19:15:57,H,3.20,73.40
2022-12-13,19:16:07,H,3.20,73.50
2022-12-13,19:16:17,H,3.20,73.50
2022-12-13,19:16:27,H,3.20,73.50
2022-12-13,19:16:37,H,3.30,73.50
2022-12-13,19:16:47,H,3.30,73.50
2022-12-13,19:16:57,H,3.30,73.40
2022-12-13,19:17:07,H,3.30,73.40
2022-12-13,19:17:17,H,3.30,73.30
2022-12-13,19:17:27,H,3.30,73.20
2022-12-13,19:17:37,H,3.30,73.20
2022-12-13,19:17:47,H,3.30,73.20
2022-12-13,19:17:57,H,3.30,73.10
2022-12-13,19:18:07,H,3.30,73.10
2022-12-13,19:18:17,H,3.30,73.10
2022-12-13,19:18:27,H,3.30,73.10
2022-12-13,19:18:37,H,3.30,73.10
2022-12-13,19:18:47,H,3.30,73.20
2022-12-13,19:18:57,H,3.30,73.20
2022-12-13,19:19:07,H,3.30,73.20
2022-12-13,19:19:17,H,3.30,73.10
2022-12-13,19:19:27,H,3.30,73.10
2022-12-13,19:19:37,H,3.30,73.10
2022-12-13,19:19:47,H,3.30,73.20
2022-12-13,19:19:57,H,3.30,73.10
2022-12-13,19:20:07,H,3.30,73.10
2022-12-13,19:20:17,H,3.30,73.10
2022-12-13,19:20:27,H,3.30,73.10
2022-12-13,19:20:37,H,3.30,73.20
2022-12-13,19:20:47,H,3.30,73.20
2022-12-13,19:20:57,H,3.30,73.20
2022-12-13,19:21:07,H,3.30,73.20
2022-12-13,19:21:17,H,3.30,73.20
2022-12-13,19:21:27,H,3.30,73.10
2022-12-13,19:21:37,H,3.30,73.10
2022-12-13,19:21:47,H,3.30,73.10
2022-12-13,19:21:57,H,3.30,73.00
2022-12-13,19:22:07,H,3.30,73.00
2022-12-13,19:22:17,H,3.30,73.00
2022-12-13,19:22:27,H,3.30,73.00
2022-12-13,19:22:37,H,3.20,73.00
2022-12-13,19:22:47,H,3.20,73.00
2022-12-13,19:22:57,H,3.20,73.20
2022-12-13,19:23:07,H,3.20,73.20
2022-12-13,19:23:17,H,3.20,73.20
2022-12-13,19:23:27,H,3.20,73.20
2022-12-13,19:23:37,H,3.20,73.20
2022-12-13,19:23:47,H,3.20,73.30
2022-12-13,19:23:57,H,3.20,73.30
2022-12-13,19:24:17,H,3.20,73.30
2022-12-13,19:24:27,H,3.20,73.30
2022-12-13,19:24:37,H,3.20,73.30
2022-12-13,19:24:47,H,3.20,73.30
2022-12-13,19:24:57,H,3.20,73.30
2022-12-13,19:25:07,H,3.20,73.30
2022-12-13,19:25:17,H,3.20,73.30
2022-12-13,19:25:27,H,3.20,73.40
2022-12-13,19:25:37,H,3.20,73.50
2022-12-13,19:25:47,H,3.20,73.50
2022-12-13,19:25:57,H,3.20,73.50
2022-12-13,19:26:07,H,3.20,73.50
2022-12-13,19:26:17,H,3.30,73.50
2022-12-13,19:26:27,H,3.30,73.40
2022-12-13,19:26:37,H,3.30,73.30
2022-12-13,19:26:47,H,3.30,73.20
2022-12-13,19:26:57,H,3.30,73.20
2022-12-13,19:27:07,H,3.30,73.20
2022-12-13,19:27:17,H,3.30,73.20
2022-12-13,19:27:27,H,3.30,73.10
2022-12-13,19:27:37,H,3.30,73.00
2022-12-13,19:27:47,H,3.30,73.10
2022-12-13,19:27:57,H,3.30,73.10
2022-12-13,19:28:07,H,3.20,73.20
2022-12-13,19:28:17,H,3.30,73.10
2022-12-13,19:28:27,H,3.20,73.10
2022-12-13,19:28:37,H,3.20,73.20
2022-12-13,19:28:47,H,3.20,73.20
2022-12-13,19:28:57,H,3.20,73.30
2022-12-13,19:29:07,H,3.20,73.30
2022-12-13,19:29:17,H,3.30,73.20
2022-12-13,19:29:27,H,3.20,73.10
2022-12-13,19:29:37,H,3.20,73.10
2022-12-13,19:29:47,H,3.20,73.10
2022-12-13,19:29:57,H,3.30,73.20
2022-12-13,19:30:07,H,3.20,73.20
2022-12-13,19:30:17,H,3.20,73.20
2022-12-13,19:30:27,H,3.20,73.30
2022-12-13,19:30:37,H,3.30,73.40
2022-12-13,19:30:47,H,3.30,73.40
2022-12-13,19:30:57,H,3.30,73.40
2022-12-13,19:31:07,H,3.20,73.40
2022-12-13,19:31:17,H,3.30,73.50
2022-12-13,19:31:27,H,3.30,73.50
2022-12-13,19:31:37,H,3.30,73.40
2022-12-13,19:31:47,H,3.30,73.30
2022-12-13,19:31:57,H,3.30,73.20
2022-12-13,19:32:07,H,3.30,73.20
2022-12-13,19:32:17,H,3.30,73.10
2022-12-13,19:32:27,H,3.30,73.10
2022-12-13,19:32:37,H,3.30,73.10
2022-12-13,19:32:47,H,3.30,73.10
2022-12-13,19:32:57,H,3.30,73.10
2022-12-13,19:33:07,H,3.30,73.20
2022-12-13,19:33:17,H,3.30,73.20
2022-12-13,19:33:27,H,3.30,73.20
2022-12-13,19:33:47,H,3.30,73.20
2022-12-13,19:33:57,H,3.30,73.20
2022-12-13,19:34:07,H,3.30,73.30
2022-12-13,19:34:17,H,3.30,73.20
2022-12-13,19:34:27,H,3.30,73.10
2022-12-13,19:34:37,H,3.30,73.10
2022-12-13,19:34:47,H,3.30,73.00
2022-12-13,19:34:57,H,3.30,73.00
2022-12-13,19:35:07,H,3.30,73.00
2022-12-13,19:35:17,H,3.30,73.00
2022-12-13,19:35:27,H,3.30,73.00
2022-12-13,19:35:37,H,3.30,73.10
2022-12-13,19:35:47,H,3.30,73.10
2022-12-13,19:35:57,H,3.30,73.10
2022-12-13,19:36:07,H,3.30,73.10
2022-12-13,19:36:17,H,3.30,73.20
2022-12-13,19:36:27,H,3.30,73.20
2022-12-13,19:36:37,H,3.30,73.30
2022-12-13,19:36:47,H,3.30,73.30
2022-12-13,19:36:57,H,3.30,73.20
2022-12-13,19:37:07,H,3.30,73.10
2022-12-13,19:37:17,H,3.30,73.10
2022-12-13,19:37:27,H,3.30,73.00
2022-12-13,19:37:37,H,3.30,73.00
2022-12-13,19:37:47,H,3.30,72.90
2022-12-13,19:37:57,H,3.30,72.90
2022-12-13,19:38:07,H,3.30,72.90
2022-12-13,19:38:17,H,3.30,72.90
2022-12-13,19:38:27,H,3.30,72.80
2022-12-13,19:38:37,H,3.30,72.80
2022-12-13,19:38:47,H,3.30,72.80
2022-12-13,19:38:57,H,3.30,72.80
2022-12-13,19:39:07,H,3.30,72.90
2022-12-13,19:39:17,H,3.30,72.90
2022-12-13,19:39:27,H,3.30,72.90
2022-12-13,19:39:37,H,3.30,73.00
2022-12-13,19:39:47,H,3.30,73.00
2022-12-13,19:39:57,H,3.30,73.00
2022-12-13,19:40:07,H,3.30,73.00
2022-12-13,19:40:17,H,3.30,72.90
2022-12-13,19:40:27,H,3.30,72.90
2022-12-13,19:40:37,H,3.30,73.00
2022-12-13,19:40:47,H,3.30,73.00
2022-12-13,19:40:57,H,3.30,73.00
2022-12-13,19:41:07,H,3.30,73.10
2022-12-13,19:41:17,H,3.30,73.10
2022-12-13,19:41:27,H,3.30,73.10
2022-12-13,19:41:37,H,3.30,73.20
2022-12-13,19:41:47,H,3.30,73.30
2022-12-13,19:41:57,H,3.30,73.30
2022-12-13,19:42:07,H,3.30,73.20
2022-12-13,19:42:17,H,3.30,73.20
2022-12-13,19:42:27,H,3.30,73.20
2022-12-13,19:42:37,H,3.30,73.20
2022-12-13,19:42:47,H,3.30,73.20
2022-12-13,19:42:57,H,3.30,73.20
2022-12-13,19:43:07,H,3.30,73.10
2022-12-13,19:43:17,H,3.30,73.10
2022-12-13,19:43:27,H,3.30,73.10
2022-12-13,19:43:37,H,3.30,73.10
2022-12-13,19:43:47,H,3.30,73.10
2022-12-13,19:43:57,H,3.30,73.10
2022-12-13,19:44:07,H,3.30,73.10
2022-12-13,19:44:17,H,3.30,73.10
2022-12-13,19:44:27,H,3.30,73.20
2022-12-13,19:44:37,H,3.30,73.20
2022-12-13,19:44:47,H,3.30,73.20
2022-12-13,19:44:57,H,3.30,73.20
2022-12-13,19:45:07,H,3.30,73.10
2022-12-13,19:45:17,H,3.30,73.10
2022-12-13,19:45:27,H,3.30,73.00
2022-12-13,19:45:37,H,3.30,73.00
2022-12-13,19:45:47,H,3.30,73.00
2022-12-13,19:45:57,H,3.30,72.90
2022-12-13,19:46:07,H,3.30,72.80
2022-12-13,19:46:17,H,3.30,72.80
2022-12-13,19:46:27,H,3.30,72.80
2022-12-13,19:46:37,H,3.30,72.80
2022-12-13,19:46:47,H,3.30,72.80
2022-12-13,19:46:57,H,3.30,72.90
2022-12-13,19:47:07,H,3.30,73.00
2022-12-13,19:47:17,H,3.30,73.10
2022-12-13,19:47:27,H,3.30,73.00
2022-12-13,19:47:37,H,3.30,73.00
2022-12-13,19:47:47,H,3.30,73.00
2022-12-13,19:47:57,H,3.30,73.00
2022-12-13,19:48:07,H,3.30,73.00
2022-12-13,19:48:17,H,3.30,73.10
2022-12-13,19:48:27,H,3.30,73.10
2022-12-13,19:48:37,H,3.30,73.20
2022-12-13,19:48:47,H,3.30,73.20
2022-12-13,19:48:57,H,3.30,73.20
2022-12-13,19:49:07,H,3.30,73.10
2022-12-13,19:49:17,H,3.30,73.10
2022-12-13,19:49:27,H,3.30,73.20
2022-12-13,19:49:37,H,3.30,73.20
2022-12-13,19:49:47,H,3.30,73.20
2022-12-13,19:49:57,H,3.30,73.20
2022-12-13,19:50:07,H,3.30,73.20
2022-12-13,19:50:17,H,3.30,73.20
2022-12-13,19:50:27,H,3.30,73.10
2022-12-13,19:50:37,H,3.30,73.10
2022-12-13,19:50:47,H,3.40,73.10
2022-12-13,19:50:57,H,3.30,73.10
2022-12-13,19:51:07,H,3.30,73.10
2022-12-13,19:51:17,H,3.40,73.10
2022-12-13,19:51:27,H,3.40,73.00
2022-12-13,19:51:37,H,3.40,73.00
2022-12-13,19:51:47,H,3.40,73.00
2022-12-13,19:51:57,H,3.40,73.00
2022-12-13,19:52:07,H,3.40,73.00
2022-12-13,19:52:17,H,3.40,73.00
2022-12-13,19:52:27,H,3.40,73.00
2022-12-13,19:52:37,H,3.40,72.90
2022-12-13,19:52:47,H,3.40,72.90
2022-12-13,19:52:57,H,3.40,72.80
2022-12-13,19:53:07,H,3.30,72.70
2022-12-13,19:53:17,H,3.40,72.70
2022-12-13,19:53:27,H,3.30,72.70
2022-12-13,19:53:37,H,3.30,72.70
2022-12-13,19:53:47,H,3.30,72.70
2022-12-13,19:53:57,H,3.30,72.70
2022-12-13,19:54:07,H,3.30,72.80
2022-12-13,19:54:17,H,3.30,72.90
2022-12-13,19:54:27,H,3.30,72.80
2022-12-13,19:54:37,H,3.30,72.80
2022-12-13,19:54:47,H,3.30,72.70
2022-12-13,19:54:57,H,3.30,72.70
2022-12-13,19:55:07,H,3.30,72.80
2022-12-13,19:55:17,H,3.30,72.90
2022-12-13,19:55:27,H,3.30,72.90
2022-12-13,19:55:37,H,3.30,73.00
2022-12-13,19:55:47,H,3.30,72.90
2022-12-13,19:55:57,H,3.30,72.90
2022-12-13,19:56:07,H,3.30,72.90
2022-12-13,19:56:17,H,3.30,73.00
2022-12-13,19:56:27,H,3.30,73.00
2022-12-13,19:56:37,H,3.30,73.00
2022-12-13,19:56:47,H,3.30,72.90
2022-12-13,19:56:57,H,3.30,72.80
2022-12-13,19:57:07,H,3.30,72.80
2022-12-13,19:57:17,H,3.30,72.90
2022-12-13,19:57:27,H,3.30,73.10
2022-12-13,19:57:37,H,3.30,73.20
2022-12-13,19:57:47,H,3.30,73.20
2022-12-13,19:57:57,H,3.30,73.10
2022-12-13,19:58:07,H,3.30,73.00
2022-12-13,19:58:17,H,3.30,72.80
2022-12-13,19:58:27,H,3.30,72.80
2022-12-13,19:58:37,H,3.30,72.80
2022-12-13,19:58:47,H,3.30,72.80
2022-12-13,19:58:57,H,3.30,72.90
2022-12-13,19:59:07,H,3.30,73.00
2022-12-13,19:59:17,H,3.30,73.10
2022-12-13,19:59:27,H,3.30,73.00
2022-12-13,19:59:37,H,3.30,73.00
2022-12-13,19:59:47,H,3.30,73.00
2022-12-13,19:59:57,H,3.30,73.00
2022-12-13,20:00:07,H,3.30,73.00
2022-12-13,20:00:17,H,3.30,73.00
2022-12-13,20:00:27,H,3.30,73.00
2022-12-13,20:00:37,H,3.30,73.00
2022-12-13,20:00:47,H,3.30,72.90
2022-12-13,20:00:57,H,3.30,72.90
2022-12-13,20:01:07,H,3.30,72.80
2022-12-13,20:01:17,H,3.30,72.80
2022-12-13,20:01:27,H,3.30,72.80
2022-12-13,20:01:37,H,3.30,72.80
2022-12-13,20:01:47,H,3.30,72.80
2022-12-13,20:01:57,H,3.30,72.90
2022-12-13,20:02:07,H,3.30,73.00
2022-12-13,20:02:17,H,3.30,73.10
2022-12-13,20:02:27,H,3.30,73.10
2022-12-13,20:02:37,H,3.30,73.10
2022-12-13,20:02:47,H,3.30,73.10
2022-12-13,20:02:57,H,3.30,72.90
2022-12-13,20:03:07,H,3.30,72.90
2022-12-13,20:03:17,H,3.30,72.90
2022-12-13,20:03:27,H,3.30,73.00
2022-12-13,20:03:37,H,3.30,73.00
2022-12-13,20:03:47,H,3.30,72.90
2022-12-13,20:03:57,H,3.30,72.80
2022-12-13,20:04:07,H,3.30,72.80
2022-12-13,20:04:17,H,3.30,72.80
2022-12-13,20:04:27,H,3.30,72.90
2022-12-13,20:04:37,H,3.30,72.90
2022-12-13,20:04:47,H,3.30,72.90
2022-12-13,20:04:57,H,3.30,72.90
2022-12-13,20:05:07,H,3.30,72.90
2022-12-13,20:05:17,H,3.30,72.90
2022-12-13,20:05:27,H,3.30,72.90
2022-12-13,20:05:37,H,3.30,72.90
2022-12-13,20:05:47,H,3.30,72.90
2022-12-13,20:05:57,H,3.30,72.90
2022-12-13,20:06:07,H,3.30,72.90
2022-12-13,20:06:17,H,3.30,72.80
2022-12-13,20:06:27,H,3.30,72.90
2022-12-13,20:06:37,H,3.30,72.80
2022-12-13,20:06:47,H,3.30,72.80
2022-12-13,20:06:57,H,3.30,72.80
2022-12-13,20:07:07,H,3.30,72.80
2022-12-13,20:07:17,H,3.30,72.90
2022-12-13,20:07:27,H,3.30,72.90
2022-12-13,20:07:37,H,3.30,73.00
2022-12-13,20:07:47,H,3.30,73.00
2022-12-13,20:07:57,H,3.30,73.00
2022-12-13,20:08:07,H,3.30,73.00
2022-12-13,20:08:17,H,3.30,73.00
2022-12-13,20:08:27,H,3.30,72.90
2022-12-13,20:08:37,H,3.30,73.00
2022-12-13,20:08:47,H,3.30,73.10
2022-12-13,20:08:57,H,3.30,73.10
2022-12-13,20:09:07,H,3.30,73.10
2022-12-13,20:09:17,H,3.30,73.10
2022-12-13,20:09:27,H,3.30,73.10
2022-12-13,20:09:37,H,3.30,73.10
2022-12-13,20:09:47,H,3.30,73.10
2022-12-13,20:09:57,H,3.30,73.20
2022-12-13,20:10:07,H,3.30,73.20
2022-12-13,20:10:17,H,3.30,73.10
2022-12-13,20:10:27,H,3.30,73.10
2022-12-13,20:10:37,H,3.30,73.00
2022-12-13,20:10:47,H,3.30,73.00
2022-12-13,20:10:57,H,3.30,73.00
2022-12-13,20:11:07,H,3.30,73.00
2022-12-13,20:11:17,H,3.30,73.00
2022-12-13,20:11:27,H,3.30,72.90
2022-12-13,20:11:37,H,3.30,72.90
2022-12-13,20:11:47,H,3.30,72.90
2022-12-13,20:11:57,H,3.30,72.90
2022-12-13,20:12:07,H,3.30,73.00
2022-12-13,20:12:17,H,3.30,73.00
2022-12-13,20:12:27,H,3.30,72.90
2022-12-13,20:12:37,H,3.30,72.80
2022-12-13,20:12:47,H,3.30,72.70
2022-12-13,20:12:57,H,3.30,72.70
2022-12-13,20:13:07,H,3.30,72.80
2022-12-13,20:13:17,H,3.30,72.80
2022-12-13,20:13:27,H,3.30,72.80
2022-12-13,20:13:37,H,3.30,72.70
2022-12-13,20:13:47,H,3.30,72.60
2022-12-13,20:13:57,H,3.30,72.50
2022-12-13,20:14:07,H,3.30,72.60
2022-12-13,20:14:17,H,3.30,72.70
2022-12-13,20:14:27,H,3.30,72.70
2022-12-13,20:14:37,H,3.30,72.80
2022-12-13,20:14:47,H,3.30,72.80
2022-12-13,20:14:57,H,3.30,72.80
2022-12-13,20:15:07,H,3.30,72.90
2022-12-13,20:15:17,H,3.30,72.90
2022-12-13,20:15:27,H,3.30,72.90
2022-12-13,20:15:37,H,3.30,72.90
2022-12-13,20:15:47,H,3.30,72.90
2022-12-13,20:15:57,H,3.30,72.90
2022-12-13,20:16:07,H,3.30,72.80
2022-12-13,20:16:17,H,3.30,72.90
2022-12-13,20:16:27,H,3.30,72.90
2022-12-13,20:16:37,H,3.30,72.90
2022-12-13,20:16:47,H,3.30,72.90
2022-12-13,20:16:57,H,3.30,72.90
2022-12-13,20:17:07,H,3.20,72.90
2022-12-13,20:17:17,H,3.20,72.90
2022-12-13,20:17:27,H,3.20,72.90
2022-12-13,20:17:37,H,3.20,72.90
2022-12-13,20:17:47,H,3.20,72.90
2022-12-13,20:17:57,H,3.20,72.90
2022-12-13,20:18:07,H,3.20,73.00
2022-12-13,20:18:17,H,3.20,73.00
2022-12-13,20:18:27,H,3.20,73.10
2022-12-13,20:18:37,H,3.20,73.20
2022-12-13,20:18:47,H,3.20,73.20
2022-12-13,20:18:57,H,3.20,73.30
2022-12-13,20:19:07,H,3.20,73.30
2022-12-13,20:19:17,H,3.20,73.30
2022-12-13,20:19:27,H,3.20,73.30
2022-12-13,20:19:37,H,3.20,73.30
2022-12-13,20:19:47,H,3.20,73.40
2022-12-13,20:19:57,H,3.20,73.30
2022-12-13,20:20:07,H,3.20,73.30
2022-12-13,20:20:17,H,3.20,73.30
2022-12-13,20:20:27,H,3.20,73.20
2022-12-13,20:20:37,H,3.20,73.20
2022-12-13,20:20:47,H,3.20,73.30
2022-12-13,20:20:57,H,3.20,73.20
2022-12-13,20:21:07,H,3.20,73.10
2022-12-13,20:21:17,H,3.20,73.20
2022-12-13,20:21:27,H,3.20,73.20
2022-12-13,20:21:37,H,3.20,73.20
2022-12-13,20:21:47,H,3.20,73.20
2022-12-13,20:21:57,H,3.20,73.20
2022-12-13,20:22:07,H,3.20,73.10
2022-12-13,20:22:17,H,3.20,73.10
2022-12-13,20:22:27,H,3.20,73.10
2022-12-13,20:22:37,H,3.20,73.10
2022-12-13,20:22:47,H,3.20,73.20
2022-12-13,20:22:57,H,3.20,73.20
2022-12-13,20:23:07,H,3.20,73.20
2022-12-13,20:23:17,H,3.20,73.10
2022-12-13,20:23:27,H,3.20,73.10
2022-12-13,20:23:37,H,3.20,73.10
2022-12-13,20:23:47,H,3.20,73.20
2022-12-13,20:23:57,H,3.20,73.30
2022-12-13,20:24:07,H,3.20,73.30
2022-12-13,20:24:17,H,3.20,73.30
2022-12-13,20:24:27,H,3.20,73.30
2022-12-13,20:24:37,H,3.20,73.30
2022-12-13,20:24:47,H,3.20,73.30
2022-12-13,20:24:57,H,3.20,73.30
2022-12-13,20:25:07,H,3.20,73.30
2022-12-13,20:25:17,H,3.20,73.30
2022-12-13,20:25:27,H,3.20,73.20
2022-12-13,20:25:37,H,3.20,73.10
2022-12-13,20:25:47,H,3.20,73.10
2022-12-13,20:25:57,H,3.20,73.10
2022-12-13,20:26:07,H,3.20,73.20
2022-12-13,20:26:17,H,3.20,73.10
2022-12-13,20:26:27,H,3.20,73.20
2022-12-13,20:26:37,H,3.20,73.30
2022-12-13,20:26:47,H,3.20,73.30
2022-12-13,20:26:57,H,3.20,73.40
2022-12-13,20:27:07,H,3.20,73.50
2022-12-13,20:27:17,H,3.20,73.50
2022-12-13,20:27:27,H,3.20,73.50
2022-12-13,20:27:37,H,3.20,73.40
2022-12-13,20:27:47,H,3.20,73.40
2022-12-13,20:27:57,H,3.20,73.40
2022-12-13,20:28:07,H,3.20,73.40
2022-12-13,20:28:17,H,3.20,73.40
2022-12-13,20:28:27,H,3.20,73.40
2022-12-13,20:28:37,H,3.20,73.40
2022-12-13,20:28:47,H,3.20,73.30
2022-12-13,20:28:57,H,3.20,73.20
2022-12-13,20:29:07,H,3.20,73.20
2022-12-13,20:29:17,H,3.20,73.20
2022-12-13,20:29:27,H,3.20,73.20
2022-12-13,20:29:37,H,3.20,73.20
2022-12-13,20:29:47,H,3.20,73.20
2022-12-13,20:30:07,H,3.20,73.30
2022-12-13,20:30:17,H,3.20,73.30
2022-12-13,20:30:27,H,3.20,73.30
2022-12-13,20:30:37,H,3.20,73.30
2022-12-13,20:30:47,H,3.20,73.30
2022-12-13,20:30:57,H,3.20,73.30
2022-12-13,20:31:07,H,3.20,73.30
2022-12-13,20:31:17,H,3.20,73.30
2022-12-13,20:31:27,H,3.20,73.30
2022-12-13,20:31:37,H,3.20,73.20
2022-12-13,20:31:47,H,3.20,73.10
2022-12-13,20:31:57,H,3.20,73.20
2022-12-13,20:32:07,H,3.20,73.20
2022-12-13,20:32:17,H,3.20,73.20
2022-12-13,20:32:27,H,3.20,73.20
2022-12-13,20:32:37,H,3.20,73.30
2022-12-13,20:32:47,H,3.20,73.30
2022-12-13,20:32:57,H,3.20,73.30
2022-12-13,20:33:07,H,3.20,73.40
2022-12-13,20:33:17,H,3.20,73.30
2022-12-13,20:33:27,H,3.20,73.30
2022-12-13,20:33:37,H,3.20,73.20
2022-12-13,20:33:47,H,3.20,73.10
2022-12-13,20:33:57,H,3.20,73.00
2022-12-13,20:34:07,H,3.20,73.10
2022-12-13,20:34:17,H,3.20,73.10
2022-12-13,20:34:27,H,3.20,73.10
2022-12-13,20:34:37,H,3.20,73.20
2022-12-13,20:34:47,H,3.20,73.20
2022-12-13,20:34:57,H,3.20,73.20
2022-12-13,20:35:07,H,3.20,73.30
2022-12-13,20:35:17,H,3.20,73.30
2022-12-13,20:35:27,H,3.20,73.30
2022-12-13,20:35:37,H,3.20,73.30
2022-12-13,20:35:47,H,3.20,73.30
2022-12-13,20:35:57,H,3.20,73.30
2022-12-13,20:36:07,H,3.20,73.30
2022-12-13,20:36:17,H,3.20,73.30
2022-12-13,20:36:27,H,3.20,73.30
2022-12-13,20:36:37,H,3.20,73.40
2022-12-13,20:36:47,H,3.20,73.40
2022-12-13,20:36:57,H,3.20,73.40
2022-12-13,20:37:07,H,3.20,73.40
2022-12-13,20:37:17,H,3.20,73.30
2022-12-13,20:37:27,H,3.20,73.30
2022-12-13,20:37:37,H,3.30,73.40
2022-12-13,20:37:47,H,3.20,73.40
2022-12-13,20:37:57,H,3.30,73.40
2022-12-13,20:38:07,H,3.30,73.40
2022-12-13,20:38:17,H,3.30,73.40
2022-12-13,20:38:27,H,3.30,73.30
2022-12-13,20:38:37,H,3.30,73.30
2022-12-13,20:38:47,H,3.30,73.20
2022-12-13,20:38:57,H,3.30,73.20
2022-12-13,20:39:07,H,3.30,73.10
2022-12-13,20:39:17,H,3.30,73.10
2022-12-13,20:39:27,H,3.30,73.20
2022-12-13,20:39:37,H,3.30,73.20
2022-12-13,20:39:47,H,3.30,73.30
2022-12-13,20:39:57,H,3.30,73.30
2022-12-13,20:40:07,H,3.30,73.30
2022-12-13,20:40:17,H,3.30,73.30
2022-12-13,20:40:27,H,3.30,73.20
2022-12-13,20:40:37,H,3.30,73.20
2022-12-13,20:40:47,H,3.30,73.20
2022-12-13,20:40:57,H,3.30,73.20
2022-12-13,20:41:07,H,3.30,73.20
2022-12-13,20:41:17,H,3.30,73.10
2022-12-13,20:41:27,H,3.30,73.20
2022-12-13,20:41:37,H,3.30,73.20
2022-12-13,20:41:47,H,3.30,73.20
2022-12-13,20:41:57,H,3.30,73.10
2022-12-13,20:42:07,H,3.30,73.10
2022-12-13,20:42:17,H,3.30,73.00
2022-12-13,20:42:27,H,3.30,73.00
2022-12-13,20:42:37,H,3.30,73.10
2022-12-13,20:42:47,H,3.30,73.20
2022-12-13,20:42:57,H,3.30,73.20
2022-12-13,20:43:07,H,3.30,73.20
2022-12-13,20:43:17,H,3.30,73.20
2022-12-13,20:43:27,H,3.30,73.20
2022-12-13,20:43:37,H,3.30,73.20
2022-12-13,20:43:47,H,3.30,73.10
2022-12-13,20:43:57,H,3.30,73.10
2022-12-13,20:44:07,H,3.30,73.10
2022-12-13,20:44:17,H,3.30,73.20
2022-12-13,20:44:27,H,3.30,73.30
2022-12-13,20:44:37,H,3.30,73.30
2022-12-13,20:44:47,H,3.30,73.20
2022-12-13,20:44:57,H,3.30,73.10
2022-12-13,20:45:07,H,3.30,73.10
2022-12-13,20:45:17,H,3.30,73.10
2022-12-13,20:45:27,H,3.30,73.10
2022-12-13,20:45:37,H,3.30,73.10
2022-12-13,20:45:47,H,3.30,73.10
2022-12-13,20:45:57,H,3.30,73.10
2022-12-13,20:46:07,H,3.30,73.20
2022-12-13,20:46:17,H,3.30,73.10
2022-12-13,20:46:27,H,3.30,73.10
2022-12-13,20:46:37,H,3.30,73.20
2022-12-13,20:46:47,H,3.30,73.10
2022-12-13,20:46:57,H,3.30,73.20
2022-12-13,20:47:07,H,3.30,73.20
2022-12-13,20:47:17,H,3.30,73.30
2022-12-13,20:47:27,H,3.30,73.20
2022-12-13,20:47:37,H,3.30,73.20
2022-12-13,20:47:47,H,3.30,73.20
2022-12-13,20:47:57,H,3.30,73.20
2022-12-13,20:48:07,H,3.30,73.10
2022-12-13,20:48:17,H,3.30,73.20
2022-12-13,20:48:27,H,3.30,73.30
2022-12-13,20:48:37,H,3.30,73.20
2022-12-13,20:48:47,H,3.30,73.20
2022-12-13,20:48:57,H,3.30,73.30
2022-12-13,20:49:07,H,3.30,73.20
2022-12-13,20:49:17,H,3.30,73.20
2022-12-13,20:49:27,H,3.40,73.20
2022-12-13,20:49:37,H,3.40,73.00
2022-12-13,20:49:47,H,3.40,73.00
2022-12-13,20:49:57,H,3.30,73.10
2022-12-13,20:50:07,H,3.30,73.10
2022-12-13,20:50:17,H,3.40,73.10
2022-12-13,20:50:27,H,3.30,73.10
2022-12-13,20:50:37,H,3.30,73.10
2022-12-13,20:50:47,H,3.40,73.10
2022-12-13,20:50:57,H,3.40,73.10
2022-12-13,20:51:07,H,3.40,73.10
2022-12-13,20:51:17,H,3.40,73.10
2022-12-13,20:51:27,H,3.30,73.20
2022-12-13,20:51:37,H,3.40,73.30
2022-12-13,20:51:47,H,3.40,73.30
2022-12-13,20:51:57,H,3.40,73.30
2022-12-13,20:52:07,H,3.40,73.30
2022-12-13,20:52:17,H,3.40,73.30
2022-12-13,20:52:27,H,3.40,73.20
2022-12-13,20:52:37,H,3.40,73.10
2022-12-13,20:52:47,H,3.40,73.00
2022-12-13,20:52:57,H,3.40,73.00
2022-12-13,20:53:07,H,3.40,72.90
2022-12-13,20:53:17,H,3.40,72.90
2022-12-13,20:53:27,H,3.40,72.80
2022-12-13,20:53:37,H,3.40,72.80
2022-12-13,20:53:47,H,3.40,72.80
2022-12-13,20:53:57,H,3.40,72.80
2022-12-13,20:54:07,H,3.40,72.80
2022-12-13,20:54:17,H,3.40,72.80
2022-12-13,20:54:27,H,3.40,72.80
2022-12-13,20:54:37,H,3.40,72.90
2022-12-13,20:54:47,H,3.40,73.00
2022-12-13,20:54:57,H,3.40,73.20
2022-12-13,20:55:07,H,3.40,73.20
2022-12-13,20:55:17,H,3.40,73.20
2022-12-13,20:55:27,H,3.40,73.20
2022-12-13,20:55:37,H,3.40,73.20
2022-12-13,20:55:47,H,3.40,73.10
2022-12-13,20:55:57,H,3.40,73.00
2022-12-13,20:56:07,H,3.40,73.00
2022-12-13,20:56:17,H,3.40,73.10
2022-12-13,20:56:27,H,3.40,73.10
2022-12-13,20:56:37,H,3.40,73.00
2022-12-13,20:56:47,H,3.40,72.90
2022-12-13,20:56:57,H,3.40,72.90
2022-12-13,20:57:07,H,3.40,73.00
2022-12-13,20:57:17,H,3.40,73.00
2022-12-13,20:57:27,H,3.40,73.10
2022-12-13,20:57:37,H,3.40,73.10
2022-12-13,20:57:47,H,3.40,73.10
2022-12-13,20:57:57,H,3.40,73.00
2022-12-13,20:58:07,H,3.40,73.00
2022-12-13,20:58:17,H,3.40,73.00
2022-12-13,20:58:27,H,3.40,73.10
2022-12-13,20:58:37,H,3.40,73.10
2022-12-13,20:58:47,H,3.40,73.10
2022-12-13,20:58:57,H,3.40,73.10
2022-12-13,20:59:07,H,3.40,73.00
2022-12-13,20:59:17,H,3.40,73.00
2022-12-13,20:59:27,H,3.40,73.00
2022-12-13,20:59:37,H,3.40,73.00
2022-12-13,20:59:47,H,3.40,72.90
2022-12-13,20:59:57,H,3.40,73.00
2022-12-13,21:00:07,H,3.40,72.90
2022-12-13,21:00:17,H,3.40,72.70
2022-12-13,21:00:27,H,3.40,72.70
2022-12-13,21:00:37,H,3.40,72.80
2022-12-13,21:00:47,H,3.50,72.90
2022-12-13,21:00:57,H,3.40,73.00
2022-12-13,21:01:07,H,3.40,73.10
2022-12-13,21:01:17,H,3.40,73.10
2022-12-13,21:01:27,H,3.50,73.10
2022-12-13,21:01:37,H,3.50,73.10
2022-12-13,21:01:47,H,3.50,73.10
2022-12-13,21:01:57,H,3.50,73.10
2022-12-13,21:02:07,H,3.50,73.10
2022-12-13,21:02:17,H,3.50,73.00
2022-12-13,21:02:27,H,3.50,72.90
2022-12-13,21:02:37,H,3.50,72.90
2022-12-13,21:02:47,H,3.50,72.90
2022-12-13,21:02:57,H,3.50,72.80
2022-12-13,21:03:07,H,3.50,72.80
2022-12-13,21:03:17,H,3.50,72.70
2022-12-13,21:03:27,H,3.50,72.80
2022-12-13,21:03:37,H,3.50,72.80
2022-12-13,21:03:47,H,3.50,72.70
2022-12-13,21:03:57,H,3.50,72.70
2022-12-13,21:04:07,H,3.50,72.60
2022-12-13,21:04:17,H,3.50,72.50
2022-12-13,21:04:27,H,3.50,72.60
2022-12-13,21:04:37,H,3.50,72.70
2022-12-13,21:04:47,H,3.50,72.70
2022-12-13,21:04:57,H,3.50,72.80
2022-12-13,21:05:07,H,3.50,72.80
2022-12-13,21:05:17,H,3.50,72.80
2022-12-13,21:05:27,H,3.50,72.80
2022-12-13,21:05:37,H,3.50,72.80
2022-12-13,21:05:47,H,3.50,72.80
2022-12-13,21:05:57,H,3.50,72.80
2022-12-13,21:06:07,H,3.50,72.90
2022-12-13,21:06:17,H,3.50,72.90
2022-12-13,21:06:27,H,3.50,72.90
2022-12-13,21:06:37,H,3.50,72.80
2022-12-13,21:06:47,H,3.50,72.80
2022-12-13,21:06:57,H,3.50,72.80
2022-12-13,21:07:07,H,3.50,72.80
2022-12-13,21:07:17,H,3.50,72.90
2022-12-13,21:07:27,H,3.50,72.90
2022-12-13,21:07:37,H,3.50,72.90
2022-12-13,21:07:47,H,3.50,72.90
2022-12-13,21:07:57,H,3.50,72.90
2022-12-13,21:08:17,H,3.50,72.90
2022-12-13,21:08:27,H,3.50,72.70
2022-12-13,21:08:37,H,3.50,72.70
2022-12-13,21:08:47,H,3.50,72.80
2022-12-13,21:08:57,H,3.50,72.80
2022-12-13,21:09:07,H,3.50,72.80
2022-12-13,21:09:17,H,3.50,72.70
2022-12-13,21:09:27,H,3.50,72.70
2022-12-13,21:09:37,H,3.50,72.70
2022-12-13,21:09:47,H,3.50,72.80
2022-12-13,21:09:57,H,3.50,72.90
2022-12-13,21:10:07,H,3.50,72.80
2022-12-13,21:10:17,H,3.50,72.80
2022-12-13,21:10:37,H,3.50,72.80
2022-12-13,21:10:47,H,3.50,72.80
2022-12-13,21:10:57,H,3.50,72.80
2022-12-13,21:11:07,H,3.50,72.70
2022-12-13,21:11:17,H,3.50,72.70
2022-12-13,21:11:27,H,3.50,72.70
2022-12-13,21:11:37,H,3.50,72.80
2022-12-13,21:11:47,H,3.50,72.60
2022-12-13,21:11:57,H,3.50,72.50
2022-12-13,21:12:07,H,3.50,72.50
2022-12-13,21:12:17,H,3.50,72.40
2022-12-13,21:12:27,H,3.50,72.40
2022-12-13,21:12:37,H,3.50,72.30
2022-12-13,21:12:47,H,3.50,72.20
2022-12-13,21:12:57,H,3.50,72.20
2022-12-13,21:13:07,H,3.50,72.30
2022-12-13,21:13:17,H,3.50,72.40
2022-12-13,21:13:27,H,3.50,72.30
2022-12-13,21:13:37,H,3.50,72.30
2022-12-13,21:13:47,H,3.50,72.40
2022-12-13,21:13:57,H,3.50,72.50
2022-12-13,21:14:07,H,3.50,72.50
2022-12-13,21:14:17,H,3.50,72.30
2022-12-13,21:14:27,H,3.50,72.20
2022-12-13,21:14:37,H,3.50,72.20
2022-12-13,21:14:47,H,3.50,72.20
2022-12-13,21:14:57,H,3.50,72.30
2022-12-13,21:15:07,H,3.50,72.30
2022-12-13,21:15:17,H,3.40,72.30
2022-12-13,21:15:27,H,3.40,72.40
2022-12-13,21:15:37,H,3.40,72.50
2022-12-13,21:15:47,H,3.40,72.60
2022-12-13,21:15:57,H,3.40,72.70
2022-12-13,21:16:07,H,3.40,72.60
2022-12-13,21:16:17,H,3.40,72.60
2022-12-13,21:16:27,H,3.40,72.50
2022-12-13,21:16:37,H,3.40,72.50
2022-12-13,21:16:47,H,3.40,72.60
2022-12-13,21:16:57,H,3.40,72.70
2022-12-13,21:17:07,H,3.40,72.70
2022-12-13,21:17:17,H,3.40,72.70
2022-12-13,21:17:27,H,3.40,72.70
2022-12-13,21:17:37,H,3.40,72.80
2022-12-13,21:17:47,H,3.40,72.90
2022-12-13,21:17:57,H,3.40,72.90
2022-12-13,21:18:07,H,3.40,72.80
2022-12-13,21:18:17,H,3.40,72.70
2022-12-13,21:18:27,H,3.40,72.70
2022-12-13,21:18:37,H,3.40,72.80
2022-12-13,21:18:47,H,3.40,72.80
2022-12-13,21:18:57,H,3.40,72.70
2022-12-13,21:19:07,H,3.40,72.60
2022-12-13,21:19:17,H,3.40,72.60
2022-12-13,21:19:27,H,3.40,72.70
2022-12-13,21:19:37,H,3.40,72.70
2022-12-13,21:19:47,H,3.50,72.70
2022-12-13,21:19:57,H,3.40,72.60
2022-12-13,21:20:07,H,3.40,72.60
2022-12-13,21:20:17,H,3.40,72.70
2022-12-13,21:20:27,H,3.40,72.70
2022-12-13,21:20:37,H,3.40,72.70
2022-12-13,21:20:47,H,3.40,72.70
2022-12-13,21:20:57,H,3.50,72.70
2022-12-13,21:21:07,H,3.40,72.80
2022-12-13,21:21:17,H,3.40,72.90
2022-12-13,21:21:27,H,3.50,72.90
2022-12-13,21:21:37,H,3.50,72.80
2022-12-13,21:21:47,H,3.40,72.80
2022-12-13,21:21:57,H,3.50,72.80
2022-12-13,21:22:07,H,3.50,72.70
2022-12-13,21:22:17,H,3.50,72.70
2022-12-13,21:22:27,H,3.50,72.70
2022-12-13,21:22:37,H,3.50,72.50
2022-12-13,21:22:47,H,3.50,72.40
2022-12-13,21:22:57,H,3.50,72.40
2022-12-13,21:23:07,H,3.50,72.40
2022-12-13,21:23:17,H,3.50,72.50
2022-12-13,21:23:27,H,3.50,72.50
2022-12-13,21:23:37,H,3.50,72.50
2022-12-13,21:23:47,H,3.50,72.50
2022-12-13,21:23:57,H,3.50,72.50
2022-12-13,21:24:07,H,3.40,72.50
2022-12-13,21:24:17,H,3.50,72.40
2022-12-13,21:24:27,H,3.40,72.40
2022-12-13,21:24:37,H,3.50,72.40
2022-12-13,21:24:47,H,3.50,72.30
2022-12-13,21:24:57,H,3.40,72.30
2022-12-13,21:25:07,H,3.40,72.30
2022-12-13,21:25:17,H,3.40,72.30
2022-12-13,21:25:27,H,3.40,72.20
2022-12-13,21:25:37,H,3.40,72.20
2022-12-13,21:25:47,H,3.40,72.30
2022-12-13,21:25:57,H,3.40,72.40
2022-12-13,21:26:07,H,3.40,72.50
2022-12-13,21:26:17,H,3.40,72.50
2022-12-13,21:26:27,H,3.40,72.40
2022-12-13,21:26:37,H,3.40,72.30
2022-12-13,21:26:47,H,3.40,72.40
2022-12-13,21:26:57,H,3.40,72.40
2022-12-13,21:27:07,H,3.40,72.40
2022-12-13,21:27:17,H,3.40,72.50
2022-12-13,21:27:27,H,3.40,72.60
2022-12-13,21:27:37,H,3.40,72.70
2022-12-13,21:27:47,H,3.40,72.70
2022-12-13,21:27:57,H,3.40,72.70
2022-12-13,21:28:07,H,3.40,72.60
2022-12-13,21:28:17,H,3.40,72.70
2022-12-13,21:28:27,H,3.40,72.60
2022-12-13,21:28:37,H,3.40,72.60
2022-12-13,21:28:47,H,3.40,72.50
2022-12-13,21:28:57,H,3.40,72.50
2022-12-13,21:29:07,H,3.40,72.50
2022-12-13,21:29:17,H,3.40,72.50
2022-12-13,21:29:27,H,3.40,72.40
2022-12-13,21:29:37,H,3.40,72.40
2022-12-13,21:29:47,H,3.40,72.40
2022-12-13,21:29:57,H,3.40,72.50
2022-12-13,21:30:07,H,3.40,72.50
2022-12-13,21:30:17,H,3.40,72.60
2022-12-13,21:30:27,H,3.40,72.70
2022-12-13,21:30:37,H,3.40,72.70
2022-12-13,21:30:47,H,3.50,72.60
2022-12-13,21:30:57,H,3.40,72.40
2022-12-13,21:31:07,H,3.40,72.30
2022-12-13,21:31:17,H,3.40,72.20
2022-12-13,21:31:27,H,3.40,72.10
2022-12-13,21:31:37,H,3.40,71.90
2022-12-13,21:31:47,H,3.40,71.80
2022-12-13,21:31:57,H,3.40,72.00
2022-12-13,21:32:07,H,3.40,72.10
2022-12-13,21:32:17,H,3.40,72.10
2022-12-13,21:32:27,H,3.40,72.10
2022-12-13,21:32:37,H,3.40,72.20
2022-12-13,21:32:47,H,3.40,72.40
2022-12-13,21:32:57,H,3.40,72.40
2022-12-13,21:33:07,H,3.40,72.40
2022-12-13,21:33:17,H,3.40,72.30
2022-12-13,21:33:27,H,3.40,72.20
2022-12-13,21:33:37,H,3.40,72.20
2022-12-13,21:33:47,H,3.40,72.20
2022-12-13,21:33:57,H,3.40,72.00
2022-12-13,21:34:07,H,3.30,71.90
2022-12-13,21:34:17,H,3.30,72.00
2022-12-13,21:34:27,H,3.30,72.10
2022-12-13,21:34:37,H,3.30,72.10
2022-12-13,21:34:47,H,3.30,72.20
2022-12-13,21:34:57,H,3.30,72.40
2022-12-13,21:35:07,H,3.30,72.40
2022-12-13,21:35:17,H,3.30,72.30
2022-12-13,21:35:27,H,3.30,72.30
2022-12-13,21:35:37,H,3.30,72.30
2022-12-13,21:35:47,H,3.30,72.40
2022-12-13,21:35:57,H,3.30,72.40
2022-12-13,21:36:07,H,3.30,72.50
2022-12-13,21:36:17,H,3.30,72.50
2022-12-13,21:36:27,H,3.30,72.50
2022-12-13,21:36:37,H,3.30,72.40
2022-12-13,21:36:47,H,3.30,72.40
2022-12-13,21:36:57,H,3.30,72.40
2022-12-13,21:37:07,H,3.30,72.40
2022-12-13,21:37:17,H,3.30,72.40
2022-12-13,21:37:27,H,3.30,72.40
2022-12-13,21:37:37,H,3.30,72.40
2022-12-13,21:37:47,H,3.30,72.40
2022-12-13,21:37:57,H,3.30,72.40
2022-12-13,21:38:07,H,3.30,72.20
2022-12-13,21:38:17,H,3.40,72.00
2022-12-13,21:38:27,H,3.30,72.00
2022-12-13,21:38:37,H,3.30,72.10
2022-12-13,21:38:47,H,3.30,72.00
2022-12-13,21:38:57,H,3.30,71.90
2022-12-13,21:39:07,H,3.30,71.90
2022-12-13,21:39:17,H,3.30,72.00
2022-12-13,21:39:27,H,3.30,72.10
2022-12-13,21:39:37,H,3.30,72.10
2022-12-13,21:39:47,H,3.30,72.10
2022-12-13,21:39:57,H,3.30,72.00
2022-12-13,21:40:07,H,3.30,72.00
2022-12-13,21:40:17,H,3.30,72.10
2022-12-13,21:40:27,H,3.30,72.10
2022-12-13,21:40:37,H,3.30,72.20
2022-12-13,21:40:47,H,3.30,72.20
2022-12-13,21:40:57,H,3.30,72.30
2022-12-13,21:41:07,H,3.30,72.20
2022-12-13,21:41:17,H,3.30,72.10
2022-12-13,21:41:27,H,3.30,72.10
2022-12-13,21:41:37,H,3.30,72.10
2022-12-13,21:41:47,H,3.30,72.10
2022-12-13,21:41:57,H,3.30,72.10
2022-12-13,21:42:07,H,3.30,72.20
2022-12-13,21:42:17,H,3.30,72.20
2022-12-13,21:42:27,H,3.30,72.20
2022-12-13,21:42:37,H,3.30,72.20
2022-12-13,21:42:47,H,3.30,72.20
2022-12-13,21:42:57,H,3.30,72.20
2022-12-13,21:43:07,H,3.30,72.20
2022-12-13,21:43:17,H,3.30,72.20
2022-12-13,21:43:27,H,3.30,72.20
2022-12-13,21:43:37,H,3.30,72.20
2022-12-13,21:43:47,H,3.30,72.20
2022-12-13,21:43:57,H,3.30,72.20
2022-12-13,21:44:07,H,3.30,72.20
2022-12-13,21:44:17,H,3.30,72.10
2022-12-13,21:44:27,H,3.30,72.00
2022-12-13,21:44:37,H,3.30,72.00
2022-12-13,21:44:47,H,3.30,72.00
2022-12-13,21:44:57,H,3.30,72.10
2022-12-13,21:45:07,H,3.30,71.90
2022-12-13,21:45:17,H,3.30,71.90
2022-12-13,21:45:27,H,3.20,71.90
2022-12-13,21:45:37,H,3.20,72.00
2022-12-13,21:45:47,H,3.20,72.00
2022-12-13,21:45:57,H,3.20,72.00
2022-12-13,21:46:07,H,3.20,71.90
2022-12-13,21:46:17,H,3.20,71.90
2022-12-13,21:46:27,H,3.20,71.90
2022-12-13,21:46:37,H,3.20,71.90
2022-12-13,21:46:47,H,3.20,72.00
2022-12-13,21:46:57,H,3.20,71.90
2022-12-13,21:47:07,H,3.20,71.90
2022-12-13,21:47:17,H,3.20,72.00
2022-12-13,21:47:27,H,3.20,72.10
2022-12-13,21:47:37,H,3.20,72.20
2022-12-13,21:47:47,H,3.10,72.10
2022-12-13,21:47:57,H,3.10,72.20
2022-12-13,21:48:07,H,3.10,72.20
2022-12-13,21:48:17,H,3.20,72.30
2022-12-13,21:48:27,H,3.10,72.30
2022-12-13,21:48:37,H,3.10,72.30
2022-12-13,21:48:47,H,3.10,72.30
2022-12-13,21:48:57,H,3.10,72.30
2022-12-13,21:49:07,H,3.10,72.30
2022-12-13,21:49:17,H,3.10,72.30
2022-12-13,21:49:27,H,3.10,72.30
2022-12-13,21:49:37,H,3.10,72.20
2022-12-13,21:49:47,H,3.10,72.20
2022-12-13,21:49:57,H,3.10,72.20
2022-12-13,21:50:07,H,3.10,72.20
2022-12-13,21:50:17,H,3.10,72.20
2022-12-13,21:50:27,H,3.10,72.20
2022-12-13,21:50:37,H,3.10,72.30
2022-12-13,21:50:47,H,3.10,72.30
2022-12-13,21:50:57,H,3.10,72.40
2022-12-13,21:51:07,H,3.00,72.40
2022-12-13,21:51:17,H,3.00,72.50
2022-12-13,21:51:27,H,3.00,72.50
2022-12-13,21:51:37,H,3.00,72.50
2022-12-13,21:51:47,H,3.00,72.50
2022-12-13,21:51:57,H,3.00,72.50
2022-12-13,21:52:07,H,3.00,72.60
2022-12-13,21:52:17,H,3.00,72.60
2022-12-13,21:52:27,H,3.00,72.60
2022-12-13,21:52:37,H,3.00,72.60
2022-12-13,21:52:47,H,3.00,72.60
2022-12-13,21:52:57,H,3.00,72.60
2022-12-13,21:53:07,H,3.00,72.60
2022-12-13,21:53:17,H,3.00,72.60
2022-12-13,21:53:27,H,2.90,72.70
2022-12-13,21:53:47,H,3.00,72.80
2022-12-13,21:53:57,H,2.90,72.80
2022-12-13,21:54:07,H,2.90,72.80
2022-12-13,21:54:17,H,2.90,72.90
2022-12-13,21:54:27,H,2.90,72.90
2022-12-13,21:54:37,H,2.90,72.90
2022-12-13,21:54:47,H,2.90,72.90
2022-12-13,21:54:57,H,2.90,72.90
2022-12-13,21:55:07,H,2.90,72.90
2022-12-13,21:55:17,H,2.90,72.90
2022-12-13,21:55:27,H,2.90,72.90
2022-12-13,21:55:37,H,2.90,73.00
2022-12-13,21:55:47,H,2.90,73.00
2022-12-13,21:55:57,H,2.90,73.00
2022-12-13,21:56:07,H,2.90,73.00
2022-12-13,21:56:17,H,2.80,73.00
2022-12-13,21:56:27,H,2.90,73.10
2022-12-13,21:56:37,H,2.80,73.00
2022-12-13,21:56:47,H,2.90,73.00
2022-12-13,21:56:57,H,2.80,73.10
2022-12-13,21:57:07,H,2.80,73.00
2022-12-13,21:57:17,H,2.80,73.10
2022-12-13,21:57:27,H,2.80,73.10
2022-12-13,21:57:37,H,2.80,73.10
2022-12-13,21:57:47,H,2.80,73.10
2022-12-13,21:57:57,H,2.80,73.00
2022-12-13,21:58:07,H,2.80,73.00
2022-12-13,21:58:17,H,2.80,73.10
2022-12-13,21:58:27,H,2.80,73.20
2022-12-13,21:58:37,H,2.80,73.20
2022-12-13,21:58:47,H,2.80,73.20
2022-12-13,21:58:57,H,2.80,73.20
2022-12-13,21:59:07,H,2.80,73.20
2022-12-13,21:59:17,H,2.80,73.20
2022-12-13,21:59:27,H,2.80,73.20
2022-12-13,21:59:37,H,2.80,73.20
2022-12-13,21:59:47,H,2.80,73.20
2022-12-13,21:59:57,H,2.80,73.20
2022-12-13,22:00:07,H,2.80,73.20
2022-12-13,22:00:17,H,2.80,73.20
2022-12-13,22:00:27,H,2.80,73.10
2022-12-13,22:00:37,H,2.80,73.00
2022-12-13,22:00:47,H,2.80,73.00
2022-12-13,22:00:57,H,2.80,73.10
2022-12-13,22:01:07,H,2.70,73.20
2022-12-13,22:01:17,H,2.70,73.20
2022-12-13,22:01:27,H,2.70,73.30
2022-12-13,22:01:37,H,2.80,73.20
2022-12-13,22:01:47,H,2.80,73.20
2022-12-13,22:01:57,H,2.80,73.10
2022-12-13,22:02:07,H,2.80,73.10
2022-12-13,22:02:17,H,2.70,73.00
2022-12-13,22:02:27,H,2.70,72.80
2022-12-13,22:02:37,H,2.70,72.70
2022-12-13,22:02:47,H,2.70,72.70
2022-12-13,22:02:57,H,2.70,72.90
2022-12-13,22:03:07,H,2.70,73.00
2022-12-13,22:03:17,H,2.70,73.20
2022-12-13,22:03:27,H,2.70,73.30
2022-12-13,22:03:37,H,2.70,73.40
2022-12-13,22:03:47,H,2.70,73.40
2022-12-13,22:03:57,H,2.70,73.40
2022-12-13,22:04:07,H,2.70,73.40
2022-12-13,22:04:17,H,2.70,73.30
2022-12-13,22:04:27,H,2.70,73.20
2022-12-13,22:04:37,H,2.70,73.20
2022-12-13,22:04:47,H,2.70,73.10
2022-12-13,22:04:57,H,2.70,73.10
2022-12-13,22:05:07,H,2.70,73.00
2022-12-13,22:05:17,H,2.70,73.00
2022-12-13,22:05:27,H,2.70,72.90
2022-12-13,22:05:37,H,2.70,72.80
2022-12-13,22:05:47,H,2.70,72.90
2022-12-13,22:05:57,H,2.70,72.90
2022-12-13,22:06:07,H,2.70,73.00
2022-12-13,22:06:17,H,2.70,73.00
2022-12-13,22:06:27,H,2.70,73.00
2022-12-13,22:06:37,H,2.70,73.10
2022-12-13,22:06:47,H,2.60,73.00
2022-12-13,22:06:57,H,2.70,73.00
2022-12-13,22:07:07,H,2.70,73.00
2022-12-13,22:07:17,H,2.70,73.10
2022-12-13,22:07:27,H,2.70,73.00
2022-12-13,22:07:37,H,2.70,73.00
2022-12-13,22:07:47,H,2.70,73.00
2022-12-13,22:07:57,H,2.70,72.90
2022-12-13,22:08:07,H,2.70,72.70
2022-12-13,22:08:17,H,2.60,72.60
2022-12-13,22:08:27,H,2.60,72.60
2022-12-13,22:08:37,H,2.60,72.60
2022-12-13,22:08:47,H,2.60,72.60
2022-12-13,22:08:57,H,2.60,72.70
2022-12-13,22:09:07,H,2.60,72.70
2022-12-13,22:09:17,H,2.60,72.70
2022-12-13,22:09:27,H,2.60,72.80
2022-12-13,22:09:37,H,2.60,72.70
2022-12-13,22:09:47,H,2.60,72.80
2022-12-13,22:09:57,H,2.60,72.90
2022-12-13,22:10:07,H,2.50,72.90
2022-12-13,22:10:17,H,2.60,72.80
2022-12-13,22:10:27,H,2.50,72.80
2022-12-13,22:10:37,H,2.50,72.90
2022-12-13,22:10:47,H,2.50,72.90
2022-12-13,22:10:57,H,2.60,73.00
2022-12-13,22:11:07,H,2.50,72.90
2022-12-13,22:11:17,H,2.50,72.90
2022-12-13,22:11:27,H,2.50,72.90
2022-12-13,22:11:37,H,2.50,72.90
2022-12-13,22:11:47,H,2.50,73.00
2022-12-13,22:11:57,H,2.50,73.00
2022-12-13,22:12:07,H,2.50,73.00
2022-12-13,22:12:17,H,2.50,72.90
2022-12-13,22:12:27,H,2.50,72.90
2022-12-13,22:12:37,H,2.50,72.90
2022-12-13,22:12:47,H,2.50,72.80
2022-12-13,22:12:57,H,2.50,72.90
2022-12-13,22:13:07,H,2.50,72.90
2022-12-13,22:13:17,H,2.50,72.90
2022-12-13,22:13:27,H,2.50,73.00
2022-12-13,22:13:37,H,2.50,72.90
2022-12-13,22:13:47,H,2.50,72.90
2022-12-13,22:13:57,H,2.40,72.80
2022-12-13,22:14:07,H,2.40,72.70
2022-12-13,22:14:17,H,2.40,72.70
2022-12-13,22:14:27,H,2.40,72.60
2022-12-13,22:14:37,H,2.40,72.60
2022-12-13,22:14:47,H,2.40,72.50
2022-12-13,22:14:57,H,2.40,72.60
2022-12-13,22:15:07,H,2.40,72.70
2022-12-13,22:15:17,H,2.40,72.80
2022-12-13,22:15:27,H,2.40,72.80
2022-12-13,22:15:37,H,2.40,72.90
2022-12-13,22:15:47,H,2.40,72.90
2022-12-13,22:15:57,H,2.30,72.90
2022-12-13,22:16:07,H,2.40,72.90
2022-12-13,22:16:17,H,2.30,72.80
2022-12-13,22:16:27,H,2.30,72.90
2022-12-13,22:16:37,H,2.30,72.90
2022-12-13,22:16:47,H,2.30,72.80
2022-12-13,22:16:57,H,2.30,72.80
2022-12-13,22:17:07,H,2.30,72.90
2022-12-13,22:17:17,H,2.30,73.00
2022-12-13,22:17:27,H,2.30,73.00
2022-12-13,22:17:37,H,2.30,73.00
2022-12-13,22:17:47,H,2.30,72.90
2022-12-13,22:17:57,H,2.30,72.90
2022-12-13,22:18:07,H,2.30,73.00
2022-12-13,22:18:17,H,2.30,73.10
2022-12-13,22:18:27,H,2.30,73.10
2022-12-13,22:18:37,H,2.30,73.20
2022-12-13,22:18:47,H,2.30,73.30
2022-12-13,22:18:57,H,2.30,73.30
2022-12-13,22:19:07,H,2.30,73.20
2022-12-13,22:19:17,H,2.30,73.20
2022-12-13,22:19:27,H,2.30,73.00
2022-12-13,22:19:37,H,2.30,72.90
2022-12-13,22:19:47,H,2.30,73.00
2022-12-13,22:19:57,H,2.30,73.00
2022-12-13,22:20:07,H,2.30,73.10
2022-12-13,22:20:17,H,2.30,73.10
2022-12-13,22:20:27,H,2.30,73.20
2022-12-13,22:20:37,H,2.30,73.20
2022-12-13,22:20:47,H,2.30,73.20
2022-12-13,22:20:57,H,2.30,73.30
2022-12-13,22:21:07,H,2.30,73.20
2022-12-13,22:21:17,H,2.30,73.20
2022-12-13,22:21:27,H,2.30,73.20
2022-12-13,22:21:37,H,2.30,73.20
2022-12-13,22:21:47,H,2.30,73.20
2022-12-13,22:22:07,H,2.30,73.10
2022-12-13,22:22:17,H,2.30,73.00
2022-12-13,22:22:27,H,2.30,72.80
2022-12-13,22:22:37,H,2.30,72.80
2022-12-13,22:22:47,H,2.30,72.90
2022-12-13,22:22:57,H,2.30,73.00
2022-12-13,22:23:07,H,2.30,73.10
2022-12-13,22:23:17,H,2.30,73.10
2022-12-13,22:23:27,H,2.30,73.10
2022-12-13,22:23:37,H,2.30,73.20
2022-12-13,22:23:47,H,2.30,73.30
2022-12-13,22:23:57,H,2.30,73.20
2022-12-13,22:24:07,H,2.30,73.10
2022-12-13,22:24:17,H,2.30,73.10
2022-12-13,22:24:27,H,2.40,73.10
2022-12-13,22:24:37,H,2.40,73.10
2022-12-13,22:24:47,H,2.40,73.20
2022-12-13,22:24:57,H,2.40,73.10
2022-12-13,22:25:07,H,2.40,73.10
2022-12-13,22:25:17,H,2.40,73.10
2022-12-13,22:25:27,H,2.40,73.00
2022-12-13,22:25:37,H,2.40,73.00
2022-12-13,22:25:47,H,2.40,73.00
2022-12-13,22:25:57,H,2.40,72.90
2022-12-13,22:26:07,H,2.40,72.80
2022-12-13,22:26:17,H,2.40,72.90
2022-12-13,22:26:27,H,2.40,72.90
2022-12-13,22:26:37,H,2.40,72.90
2022-12-13,22:26:47,H,2.40,72.70
2022-12-13,22:26:57,H,2.40,72.70
2022-12-13,22:27:07,H,2.40,72.70
2022-12-13,22:27:17,H,2.40,72.60
2022-12-13,22:27:27,H,2.40,72.60
2022-12-13,22:27:37,H,2.40,72.70
2022-12-13,22:27:47,H,2.40,72.70
2022-12-13,22:27:57,H,2.40,72.70
2022-12-13,22:28:07,H,2.40,72.50
2022-12-13,22:28:17,H,2.40,72.40
2022-12-13,22:28:27,H,2.40,72.30
2022-12-13,22:28:37,H,2.40,72.30
2022-12-13,22:28:47,H,2.40,72.20
2022-12-13,22:28:57,H,2.40,72.20
2022-12-13,22:29:07,H,2.40,72.40
2022-12-13,22:29:17,H,2.40,72.50
2022-12-13,22:29:27,H,2.40,72.50
2022-12-13,22:29:37,H,2.40,72.50
2022-12-13,22:29:47,H,2.40,72.50
2022-12-13,22:29:57,H,2.40,72.50
2022-12-13,22:30:07,H,2.40,72.40
2022-12-13,22:30:17,H,2.40,72.20
2022-12-13,22:30:27,H,2.30,72.20
2022-12-13,22:30:37,H,2.40,72.40
2022-12-13,22:30:47,H,2.40,72.40
2022-12-13,22:30:57,H,2.30,72.50
2022-12-13,22:31:07,H,2.30,72.40
2022-12-13,22:31:17,H,2.30,72.20
2022-12-13,22:31:27,H,2.30,72.30
2022-12-13,22:31:37,H,2.30,72.30
2022-12-13,22:31:47,H,2.30,72.40
2022-12-13,22:31:57,H,2.30,72.30
2022-12-13,22:32:07,H,2.30,72.40
2022-12-13,22:32:17,H,2.30,72.40
2022-12-13,22:32:27,H,2.30,72.40
2022-12-13,22:32:37,H,2.30,72.40
2022-12-13,22:32:47,H,2.30,72.40
2022-12-13,22:32:57,H,2.30,72.40
2022-12-13,22:33:07,H,2.30,72.40
2022-12-13,22:33:17,H,2.30,72.30
2022-12-13,22:33:27,H,2.30,72.20
2022-12-13,22:33:37,H,2.30,72.20
2022-12-13,22:33:47,H,2.30,72.20
2022-12-13,22:33:57,H,2.30,72.30
2022-12-13,22:34:07,H,2.30,72.30
2022-12-13,22:34:17,H,2.30,72.30
2022-12-13,22:34:27,H,2.30,72.40
2022-12-13,22:34:37,H,2.30,72.50
2022-12-13,22:34:47,H,2.30,72.40
2022-12-13,22:34:57,H,2.30,72.40
2022-12-13,22:35:07,H,2.30,72.30
2022-12-13,22:35:17,H,2.30,72.30
2022-12-13,22:35:27,H,2.30,72.30
2022-12-13,22:35:37,H,2.30,72.40
2022-12-13,22:35:47,H,2.30,72.40
2022-12-13,22:35:57,H,2.30,72.50
2022-12-13,22:36:07,H,2.30,72.60
2022-12-13,22:36:17,H,2.30,72.50
2022-12-13,22:36:27,H,2.30,72.50
2022-12-13,22:36:37,H,2.30,72.60
2022-12-13,22:36:47,H,2.30,72.60
2022-12-13,22:36:57,H,2.30,72.60
2022-12-13,22:37:07,H,2.30,72.70
2022-12-13,22:37:17,H,2.30,72.70
2022-12-13,22:37:27,H,2.30,72.60
2022-12-13,22:37:37,H,2.30,72.60
2022-12-13,22:37:47,H,2.30,72.60
2022-12-13,22:37:57,H,2.30,72.50
2022-12-13,22:38:07,H,2.40,72.50
2022-12-13,22:38:17,H,2.40,72.50
2022-12-13,22:38:27,H,2.40,72.50
2022-12-13,22:38:37,H,2.40,72.40
2022-12-13,22:38:47,H,2.40,72.40
2022-12-13,22:38:57,H,2.40,72.40
2022-12-13,22:39:07,H,2.40,72.50
2022-12-13,22:39:17,H,2.40,72.50
2022-12-13,22:39:27,H,2.40,72.30
2022-12-13,22:39:37,H,2.40,72.30
2022-12-13,22:39:47,H,2.40,72.20
2022-12-13,22:39:57,H,2.40,72.20
2022-12-13,22:40:07,H,2.40,72.10
2022-12-13,22:40:17,H,2.40,72.20
2022-12-13,22:40:27,H,2.40,72.20
2022-12-13,22:40:37,H,2.40,72.10
2022-12-13,22:40:47,H,2.40,71.90
2022-12-13,22:40:57,H,2.40,72.00
2022-12-13,22:41:07,H,2.40,72.10
2022-12-13,22:41:17,H,2.40,72.20
2022-12-13,22:41:27,H,2.40,72.20
2022-12-13,22:41:37,H,2.40,72.20
2022-12-13,22:41:47,H,2.40,72.10
2022-12-13,22:41:57,H,2.40,72.00
2022-12-13,22:42:07,H,2.40,72.00
2022-12-13,22:42:17,H,2.40,72.20
2022-12-13,22:42:27,H,2.40,72.20
2022-12-13,22:42:37,H,2.40,72.20
2022-12-13,22:42:47,H,2.40,72.20
2022-12-13,22:42:57,H,2.40,72.20
2022-12-13,22:43:07,H,2.40,72.00
2022-12-13,22:43:17,H,2.40,72.10
2022-12-13,22:43:27,H,2.40,72.10
2022-12-13,22:43:37,H,2.40,72.10
2022-12-13,22:43:47,H,2.40,72.10
2022-12-13,22:43:57,H,2.40,72.10
2022-12-13,22:44:07,H,2.40,72.10
2022-12-13,22:44:17,H,2.40,72.10
2022-12-13,22:44:27,H,2.40,71.90
2022-12-13,22:44:37,H,2.40,71.60
2022-12-13,22:44:47,H,2.40,71.60
2022-12-13,22:44:57,H,2.40,71.60
2022-12-13,22:45:07,H,2.40,71.70
2022-12-13,22:45:17,H,2.40,71.70
2022-12-13,22:45:27,H,2.40,71.80
2022-12-13,22:45:37,H,2.40,71.80
2022-12-13,22:45:47,H,2.40,71.80
2022-12-13,22:45:57,H,2.40,71.70
2022-12-13,22:46:07,H,2.40,71.60
2022-12-13,22:46:17,H,2.40,71.70
2022-12-13,22:46:27,H,2.40,71.70
2022-12-13,22:46:37,H,2.40,71.80
2022-12-13,22:46:47,H,2.40,71.90
2022-12-13,22:46:57,H,2.40,71.80
2022-12-13,22:47:07,H,2.40,71.70
2022-12-13,22:47:17,H,2.40,71.80
2022-12-13,22:47:27,H,2.40,71.90
2022-12-13,22:47:37,H,2.40,71.80
2022-12-13,22:47:47,H,2.40,71.80
2022-12-13,22:47:57,H,2.40,71.80
2022-12-13,22:48:07,H,2.30,71.80
2022-12-13,22:48:17,H,2.30,71.90
2022-12-13,22:48:27,H,2.30,72.00
2022-12-13,22:48:37,H,2.30,72.00
2022-12-13,22:48:47,H,2.30,71.90
2022-12-13,22:48:57,H,2.30,71.70
2022-12-13,22:49:07,H,2.30,71.70
2022-12-13,22:49:17,H,2.30,71.80
2022-12-13,22:49:27,H,2.30,72.00
2022-12-13,22:49:37,H,2.30,72.00
2022-12-13,22:49:47,H,2.30,72.00
2022-12-13,22:49:57,H,2.30,72.00
2022-12-13,22:50:07,H,2.30,72.00
2022-12-13,22:50:17,H,2.30,72.10
2022-12-13,22:50:27,H,2.30,72.10
2022-12-13,22:50:37,H,2.30,72.10
2022-12-13,22:50:47,H,2.30,72.20
2022-12-13,22:50:57,H,2.30,72.20
2022-12-13,22:51:07,H,2.30,72.10
2022-12-13,22:51:17,H,2.30,72.00
2022-12-13,22:51:27,H,2.30,72.00
2022-12-13,22:51:37,H,2.30,72.00
2022-12-13,22:51:47,H,2.30,72.00
2022-12-13,22:51:57,H,2.30,72.00
2022-12-13,22:52:07,H,2.30,72.10
2022-12-13,22:52:17,H,2.30,72.10
2022-12-13,22:52:27,H,2.30,72.20
2022-12-13,22:52:37,H,2.30,72.20
2022-12-13,22:52:47,H,2.30,72.20
2022-12-13,22:52:57,H,2.30,72.10
2022-12-13,22:53:07,H,2.30,72.10
2022-12-13,22:53:17,H,2.30,72.00
2022-12-13,22:53:27,H,2.30,72.00
2022-12-13,22:53:37,H,2.30,71.90
2022-12-13,22:53:47,H,2.30,71.90
2022-12-13,22:53:57,H,2.30,71.90
2022-12-13,22:54:07,H,2.30,72.00
2022-12-13,22:54:17,H,2.30,72.00
2022-12-13,22:54:27,H,2.30,72.10
2022-12-13,22:54:37,H,2.30,72.10
2022-12-13,22:54:47,H,2.30,72.10
2022-12-13,22:54:57,H,2.30,72.10
2022-12-13,22:55:07,H,2.30,72.00
2022-12-13,22:55:17,H,2.30,72.00
2022-12-13,22:55:27,H,2.30,72.00
2022-12-13,22:55:37,H,2.30,72.00
2022-12-13,22:55:47,H,2.30,72.00
2022-12-13,22:55:57,H,2.30,72.00
2022-12-13,22:56:07,H,2.30,72.00
2022-12-13,22:56:17,H,2.30,71.90
2022-12-13,22:56:27,H,2.30,72.00
2022-12-13,22:56:37,H,2.30,72.00
2022-12-13,22:56:47,H,2.30,71.90
2022-12-13,22:56:57,H,2.30,71.90
2022-12-13,22:57:07,H,2.30,71.90
2022-12-13,22:57:17,H,2.30,71.90
2022-12-13,22:57:27,H,2.30,71.80
2022-12-13,22:57:37,H,2.30,71.80
2022-12-13,22:57:47,H,2.30,71.80
2022-12-13,22:57:57,H,2.30,71.90
2022-12-13,22:58:07,H,2.30,71.90
2022-12-13,22:58:17,H,2.30,71.80
2022-12-13,22:58:27,H,2.30,71.80
2022-12-13,22:58:37,H,2.30,71.90
2022-12-13,22:58:47,H,2.30,72.00
2022-12-13,22:58:57,H,2.30,72.00
2022-12-13,22:59:07,H,2.30,72.00
2022-12-13,22:59:17,H,2.30,71.90
2022-12-13,22:59:27,H,2.20,72.00
2022-12-13,22:59:37,H,2.20,72.00
2022-12-13,22:59:47,H,2.30,72.00
2022-12-13,22:59:57,H,2.20,72.00
2022-12-13,23:00:07,H,2.20,72.00
2022-12-13,23:00:17,H,2.20,72.00
2022-12-13,23:00:27,H,2.20,72.00
2022-12-13,23:00:37,H,2.20,71.90
2022-12-13,23:00:47,H,2.20,71.90
2022-12-13,23:00:57,H,2.20,71.90
2022-12-13,23:01:07,H,2.20,71.90
2022-12-13,23:01:17,H,2.20,71.90
2022-12-13,23:01:27,H,2.20,71.90
2022-12-13,23:01:37,H,2.20,71.90
2022-12-13,23:01:47,H,2.20,71.90
2022-12-13,23:01:57,H,2.20,71.90
2022-12-13,23:02:07,H,2.20,71.80
2022-12-13,23:02:17,H,2.20,71.70
2022-12-13,23:02:27,H,2.20,71.60
2022-12-13,23:02:37,H,2.20,71.60
2022-12-13,23:02:47,H,2.20,71.70
2022-12-13,23:02:57,H,2.10,71.80
2022-12-13,23:03:07,H,2.10,71.90
2022-12-13,23:03:17,H,2.10,71.90
2022-12-13,23:03:27,H,2.10,71.90
2022-12-13,23:03:37,H,2.10,71.90
2022-12-13,23:03:47,H,2.10,71.80
2022-12-13,23:03:57,H,2.10,71.80
2022-12-13,23:04:07,H,2.10,71.70
2022-12-13,23:04:17,H,2.10,71.70
2022-12-13,23:04:27,H,2.10,71.70
2022-12-13,23:04:37,H,2.10,71.70
2022-12-13,23:04:47,H,2.10,71.80
2022-12-13,23:04:57,H,2.00,71.80
2022-12-13,23:05:07,H,2.00,71.80
2022-12-13,23:05:17,H,2.00,71.90
2022-12-13,23:05:27,H,2.00,72.00
2022-12-13,23:05:37,H,2.00,72.00
2022-12-13,23:05:47,H,2.00,72.10
2022-12-13,23:05:57,H,2.00,72.10
2022-12-13,23:06:07,H,2.00,72.10
2022-12-13,23:06:17,H,1.90,72.00
2022-12-13,23:06:27,H,1.90,72.10
2022-12-13,23:06:37,H,1.90,72.10
2022-12-13,23:06:47,H,1.90,72.00
2022-12-13,23:06:57,H,1.90,72.00
2022-12-13,23:07:07,H,1.90,72.00
2022-12-13,23:07:17,H,1.90,72.00
2022-12-13,23:07:27,H,1.90,72.00
2022-12-13,23:07:37,H,1.80,72.10
2022-12-13,23:07:47,H,1.80,72.20
2022-12-13,23:07:57,H,1.80,72.10
2022-12-13,23:08:07,H,1.80,72.10
2022-12-13,23:08:17,H,1.80,72.20
2022-12-13,23:08:27,H,1.80,72.30
2022-12-13,23:08:37,H,1.80,72.30
2022-12-13,23:08:47,H,1.80,72.30
2022-12-13,23:08:57,H,1.80,72.30
2022-12-13,23:09:07,H,1.80,72.30
2022-12-13,23:09:17,H,1.80,72.40
2022-12-13,23:09:27,H,1.80,72.40
2022-12-13,23:09:37,H,1.80,72.40
2022-12-13,23:09:47,H,1.80,72.40
2022-12-13,23:09:57,H,1.80,72.40
2022-12-13,23:10:07,H,1.70,72.40
2022-12-13,23:10:17,H,1.70,72.50
2022-12-13,23:10:27,H,1.70,72.50
2022-12-13,23:10:37,H,1.70,72.50
2022-12-13,23:10:47,H,1.70,72.40
2022-12-13,23:10:57,H,1.70,72.40
2022-12-13,23:11:07,H,1.70,72.40
2022-12-13,23:11:17,H,1.70,72.50
2022-12-13,23:11:27,H,1.70,72.60
2022-12-13,23:11:37,H,1.70,72.60
2022-12-13,23:11:47,H,1.70,72.70
2022-12-13,23:11:57,H,1.70,72.70
2022-12-13,23:12:07,H,1.70,72.70
2022-12-13,23:12:17,H,1.70,72.60
2022-12-13,23:12:27,H,1.70,72.60
2022-12-13,23:12:37,H,1.70,72.70
2022-12-13,23:12:47,H,1.70,72.80
2022-12-13,23:12:57,H,1.70,72.80
2022-12-13,23:13:07,H,1.70,72.80
2022-12-13,23:13:17,H,1.70,72.80
2022-12-13,23:13:27,H,1.70,72.80
2022-12-13,23:13:37,H,1.70,72.90
2022-12-13,23:13:47,H,1.70,72.90
2022-12-13,23:13:57,H,1.70,72.80
2022-12-13,23:14:07,H,1.70,72.80
2022-12-13,23:14:17,H,1.70,72.80
2022-12-13,23:14:27,H,1.70,72.80
2022-12-13,23:14:37,H,1.70,72.80
2022-12-13,23:14:47,H,1.70,72.80
2022-12-13,23:14:57,H,1.70,72.80
2022-12-13,23:15:07,H,1.80,72.80
2022-12-13,23:15:17,H,1.70,72.70
2022-12-13,23:15:27,H,1.70,72.70
2022-12-13,23:15:37,H,1.70,72.80
2022-12-13,23:15:47,H,1.80,72.80
2022-12-13,23:15:57,H,1.80,72.80
2022-12-13,23:16:07,H,1.80,72.90
2022-12-13,23:16:17,H,1.80,72.90
2022-12-13,23:16:27,H,1.80,72.90
2022-12-13,23:16:37,H,1.80,72.90
2022-12-13,23:16:47,H,1.80,72.80
2022-12-13,23:16:57,H,1.80,72.80
2022-12-13,23:17:07,H,1.80,72.70
2022-12-13,23:17:17,H,1.80,72.70
2022-12-13,23:17:27,H,1.80,72.70
2022-12-13,23:17:37,H,1.80,72.70
2022-12-13,23:17:47,H,1.80,72.70
2022-12-13,23:17:57,H,1.80,72.50
2022-12-13,23:18:07,H,1.80,72.40
2022-12-13,23:18:17,H,1.80,72.30
2022-12-13,23:18:27,H,1.80,72.30
2022-12-13,23:18:37,H,1.80,72.30
2022-12-13,23:18:47,H,1.70,72.30
2022-12-13,23:18:57,H,1.80,72.30
2022-12-13,23:19:07,H,1.70,72.30
2022-12-13,23:19:17,H,1.70,72.20
2022-12-13,23:19:27,H,1.70,72.20
2022-12-13,23:19:37,H,1.70,72.20
2022-12-13,23:19:47,H,1.70,72.30
2022-12-13,23:19:57,H,1.70,72.20
2022-12-13,23:20:07,H,1.70,72.20
2022-12-13,23:20:17,H,1.70,72.30
2022-12-13,23:20:27,H,1.70,72.30
2022-12-13,23:20:37,H,1.70,72.30
2022-12-13,23:20:47,H,1.70,72.40
2022-12-13,23:20:57,H,1.70,72.40
2022-12-13,23:21:07,H,1.70,72.50
2022-12-13,23:21:17,H,1.70,72.50
2022-12-13,23:21:27,H,1.70,72.50
2022-12-13,23:21:37,H,1.70,72.50
2022-12-13,23:21:47,H,1.70,72.30
2022-12-13,23:21:57,H,1.70,72.30
2022-12-13,23:22:07,H,1.70,72.30
2022-12-13,23:22:17,H,1.70,72.20
2022-12-13,23:22:27,H,1.70,72.20
2022-12-13,23:22:37,H,1.70,72.10
2022-12-13,23:22:47,H,1.70,72.20
2022-12-13,23:22:57,H,1.70,72.20
2022-12-13,23:23:07,H,1.70,72.00
2022-12-13,23:23:17,H,1.60,71.90
2022-12-13,23:23:27,H,1.70,72.00
2022-12-13,23:23:37,H,1.70,72.10
2022-12-13,23:23:47,H,1.60,72.20
2022-12-13,23:23:57,H,1.70,72.20
2022-12-13,23:24:17,H,1.60,72.20
2022-12-13,23:24:27,H,1.60,72.20
2022-12-13,23:24:37,H,1.60,72.30
2022-12-13,23:24:47,H,1.60,72.20
2022-12-13,23:24:57,H,1.60,72.10
2022-12-13,23:25:07,H,1.60,72.10
2022-12-13,23:25:17,H,1.60,72.10
2022-12-13,23:25:27,H,1.60,72.10
2022-12-13,23:25:37,H,1.60,72.20
2022-12-13,23:25:47,H,1.60,72.10
2022-12-13,23:25:57,H,1.60,71.90
2022-12-13,23:26:07,H,1.60,71.90
2022-12-13,23:26:17,H,1.60,72.00
2022-12-13,23:26:27,H,1.60,72.10
2022-12-13,23:26:37,H,1.60,72.20
2022-12-13,23:26:47,H,1.60,72.20
2022-12-13,23:26:57,H,1.60,72.20
2022-12-13,23:27:07,H,1.60,72.20
2022-12-13,23:27:17,H,1.60,72.20
2022-12-13,23:27:27,H,1.60,72.10
2022-12-13,23:27:37,H,1.60,72.10
2022-12-13,23:27:47,H,1.60,71.90
2022-12-13,23:27:57,H,1.60,71.90
2022-12-13,23:28:07,H,1.60,71.90
2022-12-13,23:28:17,H,1.60,71.90
2022-12-13,23:28:27,H,1.60,71.90
2022-12-13,23:28:37,H,1.60,71.80
2022-12-13,23:28:47,H,1.60,71.80
2022-12-13,23:28:57,H,1.60,71.80
2022-12-13,23:29:07,H,1.60,71.90
2022-12-13,23:29:17,H,1.60,71.90
2022-12-13,23:29:27,H,1.60,72.00
2022-12-13,23:29:37,H,1.60,71.80
2022-12-13,23:29:47,H,1.60,71.70
2022-12-13,23:29:57,H,1.60,71.70
2022-12-13,23:30:07,H,1.60,71.80
2022-12-13,23:30:17,H,1.60,71.90
2022-12-13,23:30:27,H,1.60,71.90
2022-12-13,23:30:37,H,1.60,71.80
2022-12-13,23:30:47,H,1.60,71.80
2022-12-13,23:30:57,H,1.60,71.90
2022-12-13,23:31:07,H,1.60,72.00
2022-12-13,23:31:17,H,1.60,72.00
2022-12-13,23:31:27,H,1.60,71.90
2022-12-13,23:31:37,H,1.60,71.90
2022-12-13,23:31:47,H,1.60,72.00
2022-12-13,23:31:57,H,1.60,71.90
2022-12-13,23:32:07,H,1.60,71.60
2022-12-13,23:32:17,H,1.60,71.40
2022-12-13,23:32:27,H,1.60,71.30
2022-12-13,23:32:37,H,1.60,71.30
2022-12-13,23:32:47,H,1.60,71.40
2022-12-13,23:32:57,H,1.60,71.40
2022-12-13,23:33:07,H,1.60,71.50
2022-12-13,23:33:17,H,1.60,71.60
2022-12-13,23:33:27,H,1.60,71.60
2022-12-13,23:33:37,H,1.60,71.70
2022-12-13,23:33:47,H,1.60,71.70
2022-12-13,23:33:57,H,1.60,71.80
2022-12-13,23:34:07,H,1.60,71.80
2022-12-13,23:34:17,H,1.60,71.70
2022-12-13,23:34:27,H,1.60,71.70
2022-12-13,23:34:37,H,1.60,71.80
2022-12-13,23:34:47,H,1.60,71.80
2022-12-13,23:34:57,H,1.60,71.80
2022-12-13,23:35:07,H,1.60,71.70
2022-12-13,23:35:17,H,1.60,71.70
2022-12-13,23:35:27,H,1.60,71.60
2022-12-13,23:35:37,H,1.60,71.60
2022-12-13,23:35:47,H,1.60,71.50
2022-12-13,23:35:57,H,1.60,71.20
2022-12-13,23:36:07,H,1.60,71.10
2022-12-13,23:36:17,H,1.60,71.20
2022-12-13,23:36:27,H,1.60,71.00
2022-12-13,23:36:37,H,1.60,70.90
2022-12-13,23:36:47,H,1.60,70.80
2022-12-13,23:36:57,H,1.60,70.90
2022-12-13,23:37:07,H,1.60,71.00
2022-12-13,23:37:17,H,1.60,71.20
2022-12-13,23:37:27,H,1.60,71.20
2022-12-13,23:37:37,H,1.60,71.30
2022-12-13,23:37:47,H,1.60,71.20
2022-12-13,23:37:57,H,1.60,71.20
2022-12-13,23:38:07,H,1.60,71.10
2022-12-13,23:38:17,H,1.60,71.00
2022-12-13,23:38:27,H,1.60,70.90
2022-12-13,23:38:37,H,1.60,70.80
2022-12-13,23:38:47,H,1.60,70.50
2022-12-13,23:38:57,H,1.60,70.40
2022-12-13,23:39:07,H,1.50,70.40
2022-12-13,23:39:17,H,1.50,70.60
2022-12-13,23:39:27,H,1.50,70.70
2022-12-13,23:39:37,H,1.50,70.60
2022-12-13,23:39:47,H,1.50,70.40
2022-12-13,23:39:57,H,1.50,70.20
2022-12-13,23:40:07,H,1.50,70.20
2022-12-13,23:40:17,H,1.50,70.30
2022-12-13,23:40:27,H,1.50,70.30
2022-12-13,23:40:37,H,1.50,70.40
2022-12-13,23:40:47,H,1.50,70.40
2022-12-13,23:40:57,H,1.50,70.20
2022-12-13,23:41:07,H,1.50,70.10
2022-12-13,23:41:17,H,1.50,70.10
2022-12-13,23:41:27,H,1.40,70.10
2022-12-13,23:41:37,H,1.50,70.20
2022-12-13,23:41:47,H,1.50,70.20
2022-12-13,23:41:57,H,1.40,70.30
2022-12-13,23:42:07,H,1.40,70.50
2022-12-13,23:42:17,H,1.40,70.60
2022-12-13,23:42:27,H,1.40,70.60
2022-12-13,23:42:37,H,1.40,70.60
2022-12-13,23:42:47,H,1.40,70.40
2022-12-13,23:42:57,H,1.40,70.30
2022-12-13,23:43:07,H,1.40,70.30
2022-12-13,23:43:17,H,1.40,70.40
2022-12-13,23:43:27,H,1.40,70.30
2022-12-13,23:43:37,H,1.40,70.20
2022-12-13,23:43:47,H,1.40,70.10
2022-12-13,23:43:57,H,1.40,70.20
2022-12-13,23:44:07,H,1.40,70.20
2022-12-13,23:44:17,H,1.40,70.20
2022-12-13,23:44:27,H,1.40,70.10
2022-12-13,23:44:37,H,1.40,70.10
2022-12-13,23:44:47,H,1.40,70.20
2022-12-13,23:44:57,H,1.40,70.20
2022-12-13,23:45:07,H,1.40,70.40
2022-12-13,23:45:17,H,1.40,70.50
2022-12-13,23:45:27,H,1.40,70.40
2022-12-13,23:45:37,H,1.40,70.40
2022-12-13,23:45:47,H,1.40,70.30
2022-12-13,23:45:57,H,1.40,70.20
2022-12-13,23:46:07,H,1.30,70.10
2022-12-13,23:46:17,H,1.40,70.10
2022-12-13,23:46:27,H,1.40,70.20
2022-12-13,23:46:37,H,1.30,70.30
2022-12-13,23:46:47,H,1.30,70.40
2022-12-13,23:46:57,H,1.30,70.40
2022-12-13,23:47:07,H,1.30,70.40
2022-12-13,23:47:17,H,1.40,70.40
2022-12-13,23:47:27,H,1.30,70.30
2022-12-13,23:47:37,H,1.40,70.30
2022-12-13,23:47:47,H,1.40,70.20
2022-12-13,23:47:57,H,1.40,70.10
2022-12-13,23:48:07,H,1.40,70.00
2022-12-13,23:48:17,H,1.30,69.80
2022-12-13,23:48:27,H,1.30,69.80
2022-12-13,23:48:37,H,1.30,69.90
2022-12-13,23:48:47,H,1.30,69.90
2022-12-13,23:48:57,H,1.30,69.80
2022-12-13,23:49:07,H,1.30,69.80
2022-12-13,23:49:17,H,1.30,69.90
2022-12-13,23:49:27,H,1.30,69.90
2022-12-13,23:49:37,H,1.30,69.80
2022-12-13,23:49:47,H,1.30,69.80
2022-12-13,23:49:57,H,1.30,69.90
2022-12-13,23:50:07,H,1.30,70.00
2022-12-13,23:50:17,H,1.30,70.10
2022-12-13,23:50:27,H,1.30,70.00
2022-12-13,23:50:37,H,1.30,70.00
2022-12-13,23:50:47,H,1.30,70.10
2022-12-13,23:50:57,H,1.30,70.10
2022-12-13,23:51:07,H,1.30,70.00
2022-12-13,23:51:17,H,1.30,70.00
2022-12-13,23:51:27,H,1.30,69.80
2022-12-13,23:51:37,H,1.30,69.80
2022-12-13,23:51:47,H,1.30,69.90
2022-12-13,23:51:57,H,1.30,70.10
2022-12-13,23:52:07,H,1.30,70.20
2022-12-13,23:52:17,H,1.30,70.20
2022-12-13,23:52:27,H,1.30,70.10
2022-12-13,23:52:37,H,1.30,70.10
2022-12-13,23:52:47,H,1.30,70.10
2022-12-13,23:52:57,H,1.30,69.80
2022-12-13,23:53:07,H,1.30,69.80
2022-12-13,23:53:17,H,1.30,69.60
2022-12-13,23:53:27,H,1.30,69.60
2022-12-13,23:53:37,H,1.30,69.50
2022-12-13,23:53:47,H,1.30,69.30
2022-12-13,23:53:57,H,1.30,69.30
2022-12-13,23:54:07,H,1.30,69.40
2022-12-13,23:54:17,H,1.30,69.40
2022-12-13,23:54:27,H,1.30,69.50
2022-12-13,23:54:37,H,1.30,69.60
2022-12-13,23:54:47,H,1.30,69.80
2022-12-13,23:54:57,H,1.30,69.90
2022-12-13,23:55:07,H,1.30,70.00
2022-12-13,23:55:17,H,1.30,70.00
2022-12-13,23:55:27,H,1.30,70.00
2022-12-13,23:55:37,H,1.30,70.00
2022-12-13,23:55:47,H,1.30,70.00
2022-12-13,23:55:57,H,1.30,70.00
2022-12-13,23:56:07,H,1.30,70.00
2022-12-13,23:56:17,H,1.30,70.00
2022-12-13,23:56:27,H,1.30,70.10
2022-12-13,23:56:37,H,1.30,70.00
2022-12-13,23:56:47,H,1.30,70.00
2022-12-13,23:56:57,H,1.30,69.90
2022-12-13,23:57:07,H,1.30,70.00
2022-12-13,23:57:17,H,1.30,70.10
2022-12-13,23:57:27,H,1.30,70.20
2022-12-13,23:57:37,H,1.30,70.10
2022-12-13,23:57:47,H,1.30,70.00
2022-12-13,23:57:57,H,1.30,70.00
2022-12-13,23:58:07,H,1.30,69.90
2022-12-13,23:58:17,H,1.30,69.90
2022-12-13,23:58:27,H,1.30,69.90
2022-12-13,23:58:37,H,1.30,69.90
2022-12-13,23:58:47,H,1.30,69.90
2022-12-13,23:58:57,H,1.30,69.70
2022-12-13,23:59:07,H,1.30,69.60
2022-12-13,23:59:17,H,1.30,69.70
2022-12-13,23:59:27,H,1.30,69.70
2022-12-13,23:59:37,H,1.30,69.70
2022-12-13,23:59:47,H,1.30,69.70
2022-12-13,23:59:57,H,1.30,69.90
